0
18 8 1 6
1
200000.00 0.30
2
8.0000 -0.5000
2
8.0000 0.5000
2
7.0000 -0.5000
2
7.0000 0.5000
2
6.0000 -0.5000
2
6.0000 0.5000
2
5.0000 -0.5000
2
5.0000 0.5000
2
4.0000 -0.5000
2
4.0000 0.5000
2
3.0000 -0.5000
2
3.0000 0.5000
2
2.0000 -0.5000
2
2.0000 0.5000
2
1.0000 -0.5000
2
1.0000 0.5000
2
0.0000 -0.5000
2
0.0000 0.5000
6
0
0 1 3 2 
1.00
6
0
2 3 5 4 
1.00
6
0
4 5 7 6 
1.00
6
0
6 7 9 8 
1.00
6
0
8 9 11 10 
1.00
6
0
10 11 13 12 
1.00
6
0
12 13 15 14 
1.00
6
0
14 15 17 16 
1.00
0
16 0
0
17 0
0
16 1
0
17 1
2
0 1 -5.00
2
1 1 -5.00
