0
401 200 1 18
1
219780.2197802198 0.428571428571429
2
8.0000 -0.5000
2
8.0000 -0.1186
2
8.0000 -0.2886
2
7.8296 -0.0908
2
7.8330 0.0932
2
8.0000 0.1062
2
8.0000 0.3144
2
8.0000 0.5000
2
7.8195 -0.3109
2
7.8153 -0.5000
2
7.7762 -0.1282
2
7.7727 -0.2721
2
7.6461 -0.0747
2
7.6526 0.0906
2
7.7986 0.1203
2
7.8055 0.2920
2
7.7587 0.3352
2
7.7603 0.5000
2
7.6275 -0.3170
2
7.6278 -0.5000
2
7.5583 -0.1214
2
7.5559 -0.2695
2
7.4535 -0.0677
2
7.4551 0.0883
2
7.5953 0.1324
2
7.5964 0.2835
2
7.5229 0.3402
2
7.5223 0.5000
2
7.4313 -0.3183
2
7.4313 -0.5000
2
7.3475 -0.1183
2
7.3471 -0.2688
2
7.2515 -0.0657
2
7.2510 0.0841
2
7.3828 0.1370
2
7.3816 0.2783
2
7.2928 0.3386
2
7.2919 0.5000
2
7.2312 -0.3192
2
7.2314 -0.5000
2
7.1398 -0.1184
2
7.1402 -0.2688
2
7.0441 -0.0656
2
7.1664 0.1373
2
7.0432 0.0807
2
7.1650 0.2755
2
7.0678 0.3361
2
7.0672 0.5000
2
7.0289 -0.3204
2
7.0291 -0.5000
2
6.9327 -0.1196
2
6.9331 -0.2690
2
6.8341 -0.0659
2
6.8334 0.0786
2
6.9495 0.1362
2
6.9485 0.2741
2
6.8464 0.3343
2
6.8460 0.5000
2
6.8250 -0.3212
2
6.8252 -0.5000
2
6.7254 -0.1205
2
6.7257 -0.2692
2
6.6231 -0.0663
2
6.7331 0.1353
2
6.6229 0.0777
2
6.7326 0.2734
2
6.6269 0.3334
2
6.6268 0.5000
2
6.6203 -0.3217
2
6.6204 -0.5000
2
6.5182 -0.1207
2
6.5182 -0.2694
2
6.4119 -0.0663
2
6.4123 0.0778
2
6.5170 0.1350
2
6.5170 0.2732
2
6.4084 0.3333
2
6.4085 0.5000
2
6.4155 -0.3217
2
6.4155 -0.5000
2
6.3117 -0.1200
2
6.3113 -0.2695
2
6.2014 -0.0659
2
6.3009 0.1355
2
6.2021 0.0790
2
6.3014 0.2733
2
6.1899 0.3339
2
6.1900 0.5000
2
6.2113 -0.3210
2
6.2109 -0.5000
2
6.1062 -0.1185
2
6.1057 -0.2694
2
5.9929 -0.0661
2
5.9923 0.0801
2
6.0844 0.1364
2
6.0845 0.2732
2
5.9714 0.3340
2
5.9705 0.5000
2
6.0059 -0.3212
2
6.0096 -0.5000
2
5.8953 -0.1221
2
5.9110 -0.2766
2
5.8116 -0.0900
2
5.7707 0.0701
2
5.8667 0.1353
2
5.8648 0.2712
2
5.7501 0.3327
2
5.7541 0.5000
2
5.7987 -0.3379
2
5.8033 -0.5000
2
5.7073 0.0852
2
5.6915 -0.1641
2
5.7021 -0.2838
2
5.5931 -0.1087
2
5.5803 -0.0189
2
5.6391 0.2704
2
5.6275 0.2216
2
5.5184 0.3872
2
5.5248 0.5000
2
5.5843 -0.3551
2
5.5871 -0.5000
2
5.4754 0.0456
2
5.4730 0.1488
2
5.4742 -0.1951
2
5.4795 -0.2878
2
5.3624 -0.0259
2
5.3646 -0.1246
2
5.3872 0.2191
2
5.3862 0.2965
2
5.2776 0.3843
2
5.2768 0.5000
2
5.3614 -0.3676
2
5.3632 -0.5000
2
5.2578 0.0430
2
5.2555 0.1401
2
5.2495 -0.2008
2
5.2511 -0.2923
2
5.1427 -0.1285
2
5.1406 -0.0313
2
5.1541 0.2136
2
5.1521 0.2953
2
5.0407 0.3774
2
5.0399 0.5000
2
5.1333 -0.3721
2
5.1341 -0.5000
2
5.0352 0.0388
2
5.0331 0.1336
2
5.0218 -0.2059
2
5.0238 -0.2940
2
4.9222 -0.1352
2
4.9197 -0.0354
2
4.9237 0.2079
2
4.9220 0.2938
2
4.8097 0.3718
2
4.8077 0.5000
2
4.9008 -0.3780
2
4.9016 -0.5000
2
4.8104 0.1294
2
4.8128 0.0329
2
4.7921 -0.2114
2
4.7932 -0.2952
2
4.7075 -0.1439
2
4.7050 -0.0381
2
4.6973 0.2010
2
4.6913 0.2885
2
4.5858 0.3562
2
4.5828 0.5000
2
4.6665 -0.3800
2
4.6600 -0.5000
2
4.5803 0.1100
2
4.5945 0.0255
2
4.5439 -0.2711
2
4.5578 -0.2129
2
4.4767 -0.0829
2
4.4801 0.1643
2
4.4685 0.2847
2
4.3728 0.3375
2
4.3673 0.5000
2
4.4420 -0.3280
2
4.4368 -0.5000
2
4.3238 -0.1277
2
4.4023 -0.0690
2
4.3637 0.0910
2
4.3258 -0.2708
2
4.2769 0.1239
2
4.2612 0.2765
2
4.1650 0.3216
2
4.1666 0.5000
2
4.2247 -0.3303
2
4.2318 -0.5000
2
4.1286 -0.2852
2
4.1048 -0.1341
2
4.1802 0.0668
2
4.1809 -0.0790
2
4.0597 0.1237
2
4.0788 0.2787
2
3.9605 0.3395
2
3.9606 0.5000
2
4.0093 -0.3569
2
4.0105 -0.5000
2
4.0145 -0.1114
2
3.8972 -0.2797
2
3.8946 -0.2255
2
3.9846 0.0883
2
3.9547 0.0017
2
3.8545 0.1901
2
3.8557 0.2744
2
3.7470 0.3443
2
3.7555 0.5000
2
3.7827 -0.3674
2
3.7835 -0.5000
2
3.7755 -0.1263
2
3.7990 -0.0315
2
3.6727 -0.1731
2
3.6573 -0.2879
2
3.7081 0.0863
2
3.6445 0.2942
2
3.6250 0.1991
2
3.5318 0.3823
2
3.5296 0.5000
2
3.5633 -0.3420
2
3.5582 -0.5000
2
3.5581 -0.0862
2
3.5620 -0.0271
2
3.4500 -0.1562
2
3.4484 -0.2784
2
3.4391 0.0971
2
3.4634 0.1595
2
3.4086 0.2877
2
3.3258 0.3154
2
3.3111 0.5000
2
3.3487 -0.3377
2
3.3478 -0.5000
2
3.3476 0.0569
2
3.3273 -0.0900
2
3.2434 -0.1326
2
3.2343 -0.2778
2
3.2329 0.1210
2
3.2409 0.2659
2
3.1171 0.3220
2
3.1215 0.5000
2
3.1412 -0.3271
2
3.1385 -0.5000
2
3.1348 0.0705
2
3.1304 -0.0750
2
3.0350 -0.1255
2
3.0330 -0.2730
2
3.0254 0.1272
2
3.0281 0.2718
2
2.9137 0.3268
2
2.9143 0.5000
2
2.9359 -0.3241
2
2.9355 -0.5000
2
2.9261 -0.0719
2
2.9276 0.0748
2
2.8306 -0.1231
2
2.8298 -0.2723
2
2.8176 0.1293
2
2.8185 0.2734
2
2.7058 0.3285
2
2.7064 0.5000
2
2.7333 -0.3229
2
2.7331 -0.5000
2
2.7212 -0.0708
2
2.7220 0.0765
2
2.6277 -0.1217
2
2.6271 -0.2721
2
2.6094 0.1304
2
2.6104 0.2744
2
2.4958 0.3302
2
2.4965 0.5000
2
2.5321 -0.3219
2
2.5318 -0.5000
2
2.5176 0.0784
2
2.5165 -0.0701
2
2.4263 -0.1199
2
2.4255 -0.2720
2
2.4011 0.1317
2
2.4025 0.2757
2
2.2832 0.3323
2
2.2840 0.5000
2
2.3324 -0.3208
2
2.3320 -0.5000
2
2.3143 0.0809
2
2.3130 -0.0694
2
2.2265 -0.1178
2
2.2257 -0.2718
2
2.1931 0.1331
2
2.1946 0.2776
2
2.0668 0.3345
2
2.0676 0.5000
2
2.1336 -0.3199
2
2.1346 -0.5000
2
2.1123 0.0838
2
2.1118 -0.0690
2
2.0257 -0.1179
2
2.0311 -0.2741
2
1.9871 0.1328
2
1.9871 0.2806
2
1.8463 0.3336
2
1.8455 0.5000
2
1.9348 -0.3253
2
1.9375 -0.5000
2
1.9055 0.0808
2
1.9226 -0.0777
2
1.8258 -0.1359
2
1.8344 -0.2784
2
1.7671 0.2724
2
1.8116 0.1092
2
1.6961 0.2825
2
1.6020 0.4184
2
1.6096 0.5000
2
1.7345 -0.3350
2
1.7373 -0.5000
2
1.7067 0.0363
2
1.7219 -0.0905
2
1.6234 -0.1574
2
1.6303 -0.2833
2
1.5980 0.0855
2
1.5818 0.1714
2
1.4621 0.2355
2
1.4546 0.3096
2
1.3484 0.3916
2
1.3430 0.5000
2
1.5310 -0.3444
2
1.5338 -0.5000
2
1.4968 -0.0025
2
1.5068 -0.1030
2
1.4159 -0.1756
2
1.4228 -0.2891
2
1.3689 0.0602
2
1.3603 0.1456
2
1.2335 0.2141
2
1.2236 0.2910
2
1.1132 0.3603
2
1.1092 0.5000
2
1.3240 -0.3553
2
1.3277 -0.5000
2
1.2856 -0.1190
2
1.2764 -0.0253
2
1.2084 -0.1909
2
1.2153 -0.2978
2
1.1427 0.0373
2
1.1264 0.1107
2
1.0093 0.1660
2
0.9998 0.2852
2
0.8906 0.3443
2
0.8876 0.5000
2
1.1176 -0.3650
2
1.1130 -0.5000
2
1.0372 -0.0903
2
1.0546 -0.1355
2
0.9887 -0.2841
2
0.9294 -0.0460
2
0.9114 0.0971
2
0.7942 0.1417
2
0.7872 0.2794
2
0.6739 0.3346
2
0.6700 0.5000
2
0.4628 0.5000
2
0.9281 -0.3043
2
0.9090 -0.5000
2
0.8239 -0.1096
2
0.8373 -0.2599
2
0.7254 -0.0662
2
0.7169 0.0877
2
0.5822 0.1286
2
0.5749 0.2721
2
0.4523 0.3283
2
0.3891 0.2922
2
0.2318 0.3669
2
0.2261 0.5000
2
0.0000 0.5000
2
0.7285 -0.3145
2
0.7375 -0.5000
2
0.6197 -0.1225
2
0.5215 0.0808
2
0.6299 -0.2716
2
0.5405 -0.0843
2
0.3874 0.1012
2
0.3532 0.1483
2
0.2021 0.1494
2
0.1560 0.2882
2
0.0000 0.3046
2
0.5422 -0.3240
2
0.5405 -0.5000
2
0.4040 -0.2688
2
0.3252 -0.0584
2
0.4199 -0.1368
2
0.2213 -0.0741
2
0.1520 0.0824
2
0.0000 0.0764
2
0.3585 -0.2982
2
0.3531 -0.5000
2
0.2183 -0.2731
2
0.1882 -0.1194
2
0.0000 -0.1256
2
0.1700 -0.3186
2
0.1861 -0.5000
2
0.0000 -0.3054
2
0.0000 -0.5000
17
0
380 379 376 366 367 368 369 
1.00
16
0
102 100 92 93 104 103 
1.00
15
0
370 369 368 359 371 
1.00
15
0
387 388 378 376 379 
1.00
15
0
199 189 188 190 198 
1.00
15
0
374 361 360 363 373 
1.00
15
0
56 55 46 47 57 
1.00
16
0
63 53 54 55 56 65 
1.00
16
0
81 78 71 70 72 80 
1.00
16
0
344 343 332 333 334 345 
1.00
16
0
137 135 126 125 133 138 
1.00
17
0
200 191 193 192 194 203 204 
1.00
16
0
12 10 3 4 14 13 
1.00
16
0
133 125 121 122 127 134 
1.00
16
0
62 60 52 53 63 64 
1.00
15
0
207 206 196 197 208 
1.00
16
0
236 231 225 224 234 235 
1.00
15
0
59 49 48 51 58 
1.00
15
0
385 374 373 377 384 
1.00
15
0
361 349 348 352 360 
1.00
16
0
342 339 330 331 332 343 
1.00
16
0
253 245 244 243 247 254 
1.00
16
0
51 48 41 40 42 50 
1.00
15
0
66 65 56 57 67 
1.00
15
0
368 367 357 358 359 
1.00
16
0
247 243 237 238 239 248 
1.00
15
0
176 175 165 166 177 
1.00
15
0
249 248 239 240 250 
1.00
15
0
144 132 131 136 143 
1.00
16
0
148 143 136 135 137 147 
1.00
16
0
284 275 274 273 277 283 
1.00
15
0
232 221 220 225 231 
1.00
15
0
396 395 389 390 391 
1.00
15
0
14 4 5 6 15 
1.00
15
0
334 333 322 323 335 
1.00
16
0
364 362 353 354 355 365 
1.00
16
0
256 251 246 245 253 255 
1.00
15
0
320 319 309 310 321 
1.00
16
0
194 192 184 185 186 195 
1.00
16
0
274 265 263 264 267 273 
1.00
16
0
21 18 11 10 12 20 
1.00
15
0
29 19 18 21 28 
1.00
15
0
381 380 369 370 382 
1.00
15
0
99 89 88 91 98 
1.00
15
0
292 282 281 286 291 
1.00
15
0
227 217 216 218 228 
1.00
17
0
183 178 171 172 173 181 180 
1.00
16
0
22 20 12 13 24 23 
1.00
17
0
237 233 226 227 228 229 238 
1.00
16
0
11 8 2 1 3 10 
1.00
16
0
287 283 277 278 279 288 
1.00
16
0
91 88 81 80 82 90 
1.00
17
0
110 103 104 105 106 115 116 
1.00
16
0
181 173 170 169 174 182 
1.00
16
0
101 98 91 90 92 100 
1.00
15
0
132 120 119 124 131 
1.00
16
0
338 328 327 326 330 339 
1.00
17
0
363 360 352 351 350 353 362 
1.00
6
0
9 0 2 8 
1.00
16
0
341 336 329 328 338 340 
1.00
15
0
391 390 381 382 383 
1.00
16
0
171 167 160 159 161 172 
1.00
15
0
36 35 26 27 37 
1.00
16
0
124 119 112 111 113 123 
1.00
16
0
332 331 320 321 322 333 
1.00
16
0
263 255 253 254 257 264 
1.00
16
0
205 203 194 195 196 206 
1.00
15
0
16 15 6 7 17 
1.00
16
0
350 351 340 338 339 342 
1.00
16
0
41 38 31 30 32 40 
1.00
16
0
139 134 127 128 129 140 
1.00
15
0
259 258 249 250 260 
1.00
16
0
327 316 315 314 318 326 
1.00
16
0
217 215 205 206 207 216 
1.00
16
0
201 198 190 191 200 202 
1.00
15
0
357 356 346 347 358 
1.00
16
0
170 162 158 157 163 169 
1.00
16
0
317 312 306 305 315 316 
1.00
16
0
257 254 247 248 249 258 
1.00
15
0
165 164 153 154 166 
1.00
16
0
296 291 286 285 294 295 
1.00
15
0
289 288 279 280 290 
1.00
16
0
149 147 137 138 145 150 
1.00
16
0
286 281 276 275 284 285 
1.00
16
0
61 58 51 50 52 60 
1.00
6
0
3 1 5 4 
1.00
15
0
86 85 76 77 87 
1.00
16
0
267 264 257 258 259 268 
1.00
16
0
174 169 163 164 165 175 
1.00
16
0
377 373 363 362 364 375 
1.00
16
0
32 30 22 23 34 33 
1.00
15
0
49 39 38 41 48 
1.00
15
0
69 59 58 61 68 
1.00
16
0
306 301 296 295 304 305 
1.00
16
0
161 159 149 150 158 162 
1.00
15
0
399 397 394 395 396 
1.00
15
0
242 232 231 236 241 
1.00
16
0
276 271 266 265 274 275 
1.00
15
0
352 348 341 340 351 
1.00
15
0
337 325 324 329 336 
1.00
15
0
239 238 229 230 240 
1.00
16
0
366 365 355 356 357 367 
1.00
15
0
153 152 141 142 154 
1.00
15
0
212 204 203 205 215 
1.00
16
0
92 90 82 84 94 93 
1.00
16
0
104 93 94 95 96 105 
1.00
15
0
129 128 117 118 130 
1.00
15
0
383 382 370 371 372 
1.00
15
0
393 385 384 386 392 
1.00
15
0
279 278 269 270 280 
1.00
16
0
193 180 181 182 184 192 
1.00
15
0
117 115 106 107 118 
1.00
16
0
244 235 234 233 237 243 
1.00
16
0
52 50 42 44 54 53 
1.00
16
0
94 84 83 85 86 95 
1.00
15
0
19 9 8 11 18 
1.00
16
0
190 188 183 180 193 191 
1.00
15
0
269 268 259 260 270 
1.00
16
0
355 354 344 345 346 356 
1.00
16
0
158 150 145 146 151 157 
1.00
16
0
74 64 63 65 66 75 
1.00
16
0
234 224 222 223 226 233 
1.00
16
0
378 375 364 365 366 376 
1.00
16
0
304 295 294 293 297 303 
1.00
15
0
349 337 336 341 348 
1.00
16
0
294 285 284 283 287 293 
1.00
16
0
222 213 211 212 215 223 
1.00
16
0
184 182 174 175 176 185 
1.00
15
0
218 216 207 208 219 
1.00
15
0
46 45 36 37 47 
1.00
15
0
186 185 176 177 187 
1.00
16
0
34 23 24 25 26 35 
1.00
15
0
141 140 129 130 142 
1.00
16
0
24 13 14 15 16 25 
1.00
15
0
313 302 301 306 312 
1.00
16
0
112 108 101 100 102 111 
1.00
16
0
297 293 287 288 289 298 
1.00
16
0
126 123 113 114 121 125 
1.00
15
0
106 105 96 97 107 
1.00
17
0
394 392 386 388 387 389 395 
1.00
16
0
308 303 297 298 299 307 
1.00
16
0
318 314 308 307 309 319 
1.00
15
0
120 109 108 112 119 
1.00
16
0
43 33 34 35 36 45 
1.00
16
0
266 261 256 255 263 265 
1.00
15
0
79 69 68 71 78 
1.00
16
0
113 111 102 103 110 114 
1.00
15
0
398 393 392 394 397 
1.00
15
0
179 168 167 171 178 
1.00
15
0
252 242 241 246 251 
1.00
15
0
39 29 28 31 38 
1.00
6
0
400 398 397 399 
1.00
15
0
210 199 198 201 209 
1.00
15
0
226 223 215 217 227 
1.00
16
0
214 209 201 202 211 213 
1.00
16
0
72 70 62 64 74 73 
1.00
16
0
277 273 267 268 269 278 
1.00
16
0
71 68 61 60 62 70 
1.00
15
0
211 202 200 204 212 
1.00
16
0
389 387 379 380 381 390 
1.00
16
0
329 324 317 316 327 328 
1.00
16
0
82 80 72 73 83 84 
1.00
15
0
196 195 186 187 197 
1.00
15
0
346 345 334 335 347 
1.00
15
0
272 262 261 266 271 
1.00
16
0
160 155 148 147 149 159 
1.00
16
0
330 326 318 319 320 331 
1.00
16
0
83 73 74 75 76 85 
1.00
16
0
315 305 304 303 308 314 
1.00
16
0
31 28 21 20 22 30 
1.00
15
0
299 298 289 290 300 
1.00
15
0
89 79 78 81 88 
1.00
15
0
325 313 312 317 324 
1.00
15
0
282 272 271 276 281 
1.00
16
0
386 384 377 375 378 388 
1.00
15
0
172 161 162 170 173 
1.00
15
0
121 114 110 116 122 
1.00
15
0
189 179 178 183 188 
1.00
15
0
229 228 218 219 230 
1.00
16
0
145 138 133 134 139 146 
1.00
16
0
127 122 116 115 117 128 
1.00
15
0
109 99 98 101 108 
1.00
16
0
151 146 139 140 141 152 
1.00
15
0
26 25 16 17 27 
1.00
15
0
322 321 310 311 323 
1.00
15
0
96 95 86 87 97 
1.00
16
0
309 307 299 300 311 310 
1.00
16
0
353 350 342 343 344 354 
1.00
15
0
168 156 155 160 167 
1.00
16
0
225 220 214 213 222 224 
1.00
15
0
221 210 209 214 220 
1.00
15
0
156 144 143 148 155 
1.00
15
0
76 75 66 67 77 
1.00
15
0
262 252 251 256 261 
1.00
16
0
136 131 124 123 126 135 
1.00
16
0
246 241 236 235 244 245 
1.00
16
0
42 40 32 33 43 44 
1.00
16
0
54 44 43 45 46 55 
1.00
15
0
302 292 291 296 301 
1.00
16
0
163 157 151 152 153 164 
1.00
0
372 0
0
383 0
0
391 0
0
396 0
0
399 0
0
400 0
0
372 1
0
383 1
0
391 1
0
396 1
0
399 1
0
400 1
2
0 1 -0.00
2
1 1 -2.98
2
2 1 -2.10
2
5 1 -3.01
2
6 1 -1.91
2
7 1 -0.00
