0
83 16 1 7
1
200000.00 0.30
2
8.0000 -0.5000
2
8.0000 0.0000
2
8.0000 0.5000
2
7.7500 -0.5000
2
7.7500 0.5000
2
7.5000 -0.5000
2
7.5000 0.0000
2
7.5000 0.5000
2
7.2500 -0.5000
2
7.2500 0.5000
2
7.0000 -0.5000
2
7.0000 0.0000
2
7.0000 0.5000
2
6.7500 -0.5000
2
6.7500 0.5000
2
6.5000 -0.5000
2
6.5000 0.0000
2
6.5000 0.5000
2
6.2500 -0.5000
2
6.2500 0.5000
2
6.0000 -0.5000
2
6.0000 0.0000
2
6.0000 0.5000
2
5.7500 -0.5000
2
5.7500 0.5000
2
5.5000 -0.5000
2
5.5000 0.0000
2
5.5000 0.5000
2
5.2500 -0.5000
2
5.2500 0.5000
2
5.0000 -0.5000
2
5.0000 0.0000
2
5.0000 0.5000
2
4.7500 -0.5000
2
4.7500 0.5000
2
4.5000 -0.5000
2
4.5000 0.0000
2
4.5000 0.5000
2
4.2500 -0.5000
2
4.2500 0.5000
2
4.0000 -0.5000
2
4.0000 0.0000
2
4.0000 0.5000
2
3.7500 -0.5000
2
3.7500 0.5000
2
3.5000 -0.5000
2
3.5000 0.0000
2
3.5000 0.5000
2
3.2500 -0.5000
2
3.2500 0.5000
2
3.0000 -0.5000
2
3.0000 0.0000
2
3.0000 0.5000
2
2.7500 -0.5000
2
2.7500 0.5000
2
2.5000 -0.5000
2
2.5000 0.0000
2
2.5000 0.5000
2
2.2500 -0.5000
2
2.2500 0.5000
2
2.0000 -0.5000
2
2.0000 0.0000
2
2.0000 0.5000
2
1.7500 -0.5000
2
1.7500 0.5000
2
1.5000 -0.5000
2
1.5000 0.0000
2
1.5000 0.5000
2
1.2500 -0.5000
2
1.2500 0.5000
2
1.0000 -0.5000
2
1.0000 0.0000
2
1.0000 0.5000
2
0.7500 -0.5000
2
0.7500 0.5000
2
0.5000 -0.5000
2
0.5000 0.0000
2
0.5000 0.5000
2
0.2500 -0.5000
2
0.2500 0.5000
2
0.0000 -0.5000
2
0.0000 0.0000
2
0.0000 0.5000
8
0
0 1 2 4 7 6 5 3 
1.00
8
0
5 6 7 9 12 11 10 8 
1.00
8
0
10 11 12 14 17 16 15 13 
1.00
8
0
15 16 17 19 22 21 20 18 
1.00
8
0
20 21 22 24 27 26 25 23 
1.00
8
0
25 26 27 29 32 31 30 28 
1.00
8
0
30 31 32 34 37 36 35 33 
1.00
8
0
35 36 37 39 42 41 40 38 
1.00
8
0
40 41 42 44 47 46 45 43 
1.00
8
0
45 46 47 49 52 51 50 48 
1.00
8
0
50 51 52 54 57 56 55 53 
1.00
8
0
55 56 57 59 62 61 60 58 
1.00
8
0
60 61 62 64 67 66 65 63 
1.00
8
0
65 66 67 69 72 71 70 68 
1.00
8
0
70 71 72 74 77 76 75 73 
1.00
8
0
75 76 77 79 82 81 80 78 
1.00
0
80 0
0
81 0
0
82 0
0
80 1
0
81 1
0
82 1
2
1 1 -10.0
