3
 25  12  1  10
1
10.0 0.3
2
0. 0.
2
2. 0.
2
4. 0.
2
6. 0.
2
2. 1.
2
4. 1.
2
0. 2.
2
1. 2.
2
3. 2.
2
5. 2.
2
6. 2.
2
2. 3.
2
3. 3.
2
4. 3.
2
0. 4.
2
1. 4.
2
3. 4.
2
5. 4.
2
6. 4.
2
2. 5.
2
4. 5.
2
0. 6.
2
2. 6.
2
4. 6.
2
6. 6.
25
0
0 1 4 7 6
2.0
25
0
1 2 5 8 4
2.0
25
0
2 3 10 9 5
2.0
25
0
4 8 12 11 7
2.0
25
0
5 9 13 12 8
2.0
25
0
6 7 11 15 14
2.0
25
0
9 10 18 17 13
2.0
25
0
11 12 16 19 15
2.0
25
0
12 13 17 20 16
2.0
25
0
14 15 19 22 21
2.0
25
0
19 16 20 23 22
2.0
25
0
17 18 24 23 20
2.0
0
8 0
0
16 0
0
0 1
0
1 1 
0
2 1 
0
3 1 
2
21 1 1.5
2
22 1 3.
2
23 1 3.
2
24 1 1.5


