3
 20  7  1  9
1
10.0 0.3
2
0. 0.
2
2. 0.
2
4. 0.
2
6. 0.
2
2.075 0.75
2
3.933 0.75
2
2.134 1.5
2
3.866 1.5
2
0. 3.
2
1.268 3.
2
4.732 3.
2
6. 3.
2
2.134 4.5
2
3.866 4.5
2
2.075 5.25
2
3.933 5.25
2
0. 6.
2
2. 6.
2
4. 6.
2
6. 6.
26
0
0 1 4 6 9 8
2.0
26
0
1 2 5 7 6 4
2.0
26
0
2 3 11 10 7 5
2.0
26
0
6 7 10 13 12 9
2.0
26
0
8 9 12 14 17 16
2.0
26
0
12 13 15 18 17 14
2.0
26
0
10 11 19 18 15 13
2.0
0
0 0
0
0 1
0
1 1 
0
2 1 
0
3 1 
2
16 1 1.5
2
17 1 3.
2
18 1 3.
2
19 1 1.5


