0
 20  7  1  10
1
1000000.0 0.25
2
0. 0.
2
20. 0.
2
40. 0.
2
60. 0.
2
20.75 7.5
2
39.33 7.5
2
21.34 15.
2
38.66 15.
2
0. 30.
2
12.68 30.
2
47.32 30.
2
60. 30.
2
21.34 45.
2
38.66 45.
2
20.75 52.5
2
39.33 52.5
2
0. 60.
2
20. 60.
2
40. 60.
2
60. 60.
26
0
0 1 4 6 9 8
10.0
26
0
1 2 5 7 6 4
10.0
26
0
2 3 11 10 7 5
10.0
26
0
6 7 10 13 12 9
10.0
26
0
8 9 12 14 17 16
10.0
26
0
12 13 15 18 17 14
10.0
26
0
10 11 19 18 15 13
10.0
0
0 0
0
0 1
0
1 1 
0
2 1 
0
3 1 
2
16 1 1000.
2
17 1 2000.
2
18 1 2000.
2
19 1 1000.


