3
 25  12  1  24
1
1000000.0 0.25
2
0. 0.
2
20. 0.
2
40. 0.
2
60. 0.
2
20. 10.
2
40. 10.
2
0. 20.
2
10. 20.
2
30. 20.
2
50. 20.
2
60. 20.
2
20. 30.
2
30. 30.
2
40. 30.
2
0. 40.
2
10. 40.
2
30. 40.
2
50. 40.
2
60. 40.
2
20. 50.
2
40. 50.
2
0. 60.
2
20. 60.
2
40. 60.
2
60. 60.
25
0
0 1 4 7 6
10.0
25
0
1 2 5 8 4
10.0
25
0
2 3 10 9 5
10.0
25
0
4 8 12 11 7
10.0
25
0
5 9 13 12 8
10.0
25
0
6 7 11 15 14
10.0
25
0
9 10 18 17 13
10.0
25
0
11 12 16 19 15
10.0
25
0
12 13 17 20 16
10.0
25
0
14 15 19 22 21
10.0
25
0
19 16 20 23 22
10.0
25
0
17 18 24 23 20
10.0
0
0 0
0
0 1
1
1 0 0.002
1
1 1 0.001
1
2 0 0.004
1
2 1 0.002
1
3 0 0.006
1
3 1 0.003
1
6 0 0.001
1
6 1 0.002
1
10 0 0.007
1
10 1 0.005
1
14 0 0.002
1
14 1 0.004
1
18 0 0.008
1
18 1 0.007
1
21 0 0.003
1
21 1 0.006
1
22 0 0.005
1
22 1 0.007
1
23 0 0.007
1
23 1 0.008
1
24 0 0.009
1
24 1 0.009


