0
 21  12  1  9
1
200000.0 0.3
2
0. 0.
2
30. 0.
2
60. 0.
2
0. 30.
2
30. 30.
2
60. 30.
2
0. 60.
2
30. 60.
2
60. 60.
2
90. 60.
2
120. 60.
2
0. 90.
2
30. 90.
2
60. 90.
2
90. 90.
2
120. 90.
2
0. 120.
2
30. 120.
2
60. 120.
2
90. 120.
2
120. 120.
6
0
0 1 4 3
10.0
6
0
1 2 5 4
10.0
6
0
3 4 7 6
10.0
6
0
4 5 8 7
10.0
6
0
6 7 12 11
10.0
6
0
7 8 13 12
10.0
6
0
16 11 12 17
10.0
6
0
12 13 18 17
10.0
6
0
9 10 15 14
10.0
6
0
8 9 14 13
10.0
6
0
13 14 19 18
10.0
6
0
14 15 20 19
10.0
0
0 0
0
0 1
0
1 0 
0
1 1 
0
2 0 
0
2 1 
2
10 0 20000.0
2
15 0 20000.0
2
20 0 20000.0


