0
802 400 1 21
1
219780.2197802198 0.428571428571429
2
0.0000 0.5000
2
0.0000 0.3427
2
-0.0000 0.1673
2
0.0888 0.3357
2
0.1515 0.3940
2
0.1403 0.5000
2
-0.0000 -0.0073
2
0.1397 0.2325
2
0.0746 0.1657
2
0.1318 0.0769
2
0.0756 -0.0053
2
0.1917 0.2285
2
0.2443 0.3574
2
0.2511 0.2823
2
0.3050 0.4081
2
0.3046 0.5000
2
-0.0000 -0.1794
2
0.1457 -0.0830
2
0.0748 -0.1787
2
0.1742 -0.0829
2
0.2155 0.0776
2
0.2426 0.1231
2
0.2454 0.0080
2
0.3301 0.1440
2
0.3426 0.2446
2
0.3906 0.2724
2
0.3969 0.3582
2
0.4594 0.3986
2
0.4616 0.5000
2
-0.0000 -0.3544
2
0.0000 -0.5000
2
0.1406 -0.2503
2
0.1077 -0.3418
2
0.2221 -0.2333
2
0.2410 -0.1502
2
0.3235 -0.0166
2
0.3289 -0.1224
2
0.3800 0.0205
2
0.3834 0.1019
2
0.4724 0.2301
2
0.4705 0.1409
2
0.5387 0.2687
2
0.5405 0.3528
2
0.6101 0.3951
2
0.6107 0.5000
2
0.1644 -0.4005
2
0.1563 -0.5000
2
0.2739 -0.2833
2
0.2685 -0.3571
2
0.3750 -0.2454
2
0.3725 -0.1508
2
0.4600 -0.1147
2
0.4628 -0.0244
2
0.5323 0.0151
2
0.5340 0.0987
2
0.6147 0.2260
2
0.6135 0.1396
2
0.6858 0.2667
2
0.6867 0.3513
2
0.7584 0.3935
2
0.7587 0.5000
2
0.3308 -0.4133
2
0.3303 -0.5000
2
0.4261 -0.2838
2
0.4283 -0.3569
2
0.5199 -0.1554
2
0.5200 -0.2379
2
0.6048 -0.1136
2
0.6055 -0.0289
2
0.6815 0.0133
2
0.6822 0.0968
2
0.7593 0.1389
2
0.7599 0.2239
2
0.8328 0.2657
2
0.8333 0.3505
2
0.9058 0.3927
2
0.9060 0.5000
2
0.4966 -0.4084
2
0.4976 -0.5000
2
0.5838 -0.2837
2
0.5847 -0.3540
2
0.6709 -0.2349
2
0.6703 -0.1572
2
0.7529 -0.1119
2
0.7529 -0.0308
2
0.8306 0.0956
2
0.8303 0.0132
2
0.9067 0.2227
2
0.9064 0.1387
2
0.9799 0.2651
2
0.9802 0.3500
2
1.0528 0.3921
2
1.0529 0.5000
2
0.6580 -0.4057
2
0.6584 -0.5000
2
0.7408 -0.2824
2
0.7414 -0.3532
2
0.8235 -0.2330
2
0.8230 -0.1573
2
0.9031 -0.1106
2
0.9030 -0.0315
2
0.9796 0.0135
2
0.9798 0.0948
2
1.0542 0.1384
2
1.0546 0.2220
2
1.1271 0.2645
2
1.1274 0.3497
2
1.1995 0.3916
2
1.1996 0.5000
2
0.8165 -0.4040
2
0.8168 -0.5000
2
0.8969 -0.2813
2
0.8972 -0.3528
2
0.9765 -0.1572
2
0.9767 -0.2321
2
1.0543 -0.1099
2
1.0544 -0.0320
2
1.1298 0.0941
2
1.1294 0.0134
2
1.2028 0.2214
2
1.2024 0.1378
2
1.2741 0.2637
2
1.2744 0.3495
2
1.3458 0.3912
2
1.3458 0.5000
2
0.9737 -0.4030
2
0.9738 -0.5000
2
1.0525 -0.2808
2
1.0527 -0.3526
2
1.1305 -0.1573
2
1.1304 -0.2317
2
1.2067 -0.0328
2
1.2063 -0.1099
2
1.2796 0.0127
2
1.2802 0.0933
2
1.3510 0.2209
2
1.3505 0.1367
2
1.4207 0.2628
2
1.4209 0.3495
2
1.4917 0.3908
2
1.4916 0.5000
2
1.1303 -0.4028
2
1.1304 -0.5000
2
1.2082 -0.2809
2
1.2082 -0.3524
2
1.2850 -0.1581
2
1.2847 -0.2317
2
1.3597 -0.0339
2
1.3591 -0.1105
2
1.4306 0.0924
2
1.4299 0.0114
2
1.4986 0.2207
2
1.4982 0.1352
2
1.5668 0.2621
2
1.5667 0.3497
2
1.6373 0.3909
2
1.6370 0.5000
2
1.2871 -0.4030
2
1.2870 -0.5000
2
1.3644 -0.2817
2
1.3642 -0.3523
2
1.4397 -0.2320
2
1.4401 -0.1594
2
1.5127 -0.1112
2
1.5134 -0.0354
2
1.5804 0.0920
2
1.5798 0.0095
2
1.6447 0.2212
2
1.6449 0.1338
2
1.7125 0.2625
2
1.7115 0.3504
2
1.7832 0.3924
2
1.7823 0.5000
2
1.4444 -0.4036
2
1.4444 -0.5000
2
1.5214 -0.2828
2
1.5213 -0.3522
2
1.5962 -0.1609
2
1.5960 -0.2321
2
1.6682 -0.0365
2
1.6678 -0.1115
2
1.7284 0.0930
2
1.7285 0.0074
2
1.7885 0.2234
2
1.7905 0.1340
2
1.8583 0.2658
2
1.8556 0.3521
2
1.9299 0.3963
2
1.9295 0.5000
2
1.6027 -0.4042
2
1.6028 -0.5000
2
1.9291 0.2291
2
1.6795 -0.2835
2
1.6797 -0.3517
2
1.7535 -0.1618
2
1.7540 -0.2312
2
1.8250 -0.0358
2
1.8258 -0.1096
2
1.8741 0.0050
2
1.8716 0.0973
2
1.9352 0.1384
2
2.0025 0.1093
2
2.0042 0.2742
2
2.0035 0.3524
2
2.0778 0.3974
2
2.0784 0.5000
2
1.7620 -0.4042
2
1.7622 -0.5000
2
2.0766 0.2297
2
2.0757 0.1518
2
1.8388 -0.2828
2
1.8393 -0.3508
2
1.9117 -0.1603
2
1.9134 -0.2293
2
1.9884 -0.1037
2
1.9846 -0.0286
2
2.0154 0.0036
2
2.1280 -0.0001
2
2.1442 0.1078
2
2.1515 0.2725
2
2.1545 0.3510
2
2.2247 0.3923
2
2.2265 0.5000
2
1.9222 -0.4034
2
1.9219 -0.5000
2
2.2259 0.2238
2
2.2146 0.1339
2
1.9992 -0.2800
2
1.9981 -0.3516
2
2.2779 0.0867
2
2.0696 -0.1527
2
2.0676 -0.2334
2
2.1532 -0.0289
2
2.1462 -0.1078
2
2.2643 -0.0041
2
2.2966 0.2566
2
2.3036 0.3478
2
2.3677 0.3826
2
2.3707 0.5000
2
2.0845 -0.4065
2
2.0836 -0.5000
2
2.3671 0.2111
2
2.3563 0.1140
2
2.4179 0.0692
2
2.1600 -0.2838
2
2.1581 -0.3531
2
2.4033 -0.0286
2
2.3166 -0.0572
2
2.2173 -0.2410
2
2.2228 -0.1639
2
2.3032 -0.1226
2
2.4414 0.2423
2
2.4480 0.3423
2
2.5067 0.3740
2
2.5094 0.5000
2
2.2484 -0.4102
2
2.2529 -0.5000
2
2.5069 0.2005
2
2.4970 0.0950
2
2.5540 0.0559
2
2.4685 -0.0788
2
2.5371 -0.0624
2
2.4340 -0.1944
2
2.3247 -0.2923
2
2.3338 -0.3364
2
2.3850 -0.2021
2
2.5869 0.2309
2
2.5919 0.3377
2
2.6407 0.3664
2
2.6436 0.5000
2
2.4090 -0.3789
2
2.4109 -0.5000
2
2.7725 0.5000
2
2.8831 0.5000
2
2.6354 0.0771
2
2.6447 0.1932
2
2.6836 0.0442
2
2.6736 -0.0723
2
2.5930 -0.0996
2
2.4944 -0.2403
2
2.5872 -0.2070
2
2.4899 -0.3382
2
2.7297 0.2196
2
2.7433 0.3337
2
2.7673 0.3489
2
2.5644 -0.3840
2
2.5624 -0.5000
2
2.8657 0.3351
2
2.9041 0.3804
2
3.0161 0.3771
2
3.0305 0.5000
2
2.7875 0.1752
2
2.7656 0.0638
2
2.8216 0.0200
2
2.7397 -0.1126
2
2.8013 -0.0861
2
2.7315 -0.2123
2
2.6479 -0.2486
2
2.6445 -0.3424
2
2.8976 0.2472
2
2.8702 0.1931
2
2.7187 -0.3885
2
2.7191 -0.5000
2
3.0215 0.2542
2
3.0398 0.3491
2
3.1541 0.3646
2
3.1515 0.5000
2
2.9310 0.1047
2
2.8941 0.0359
2
2.8872 -0.1336
2
2.9690 -0.0599
2
2.8953 -0.2040
2
2.8011 -0.2587
2
2.8033 -0.3411
2
3.0526 0.2097
2
3.0061 0.1129
2
2.8737 -0.3848
2
2.8731 -0.5000
2
3.2909 0.5000
2
3.1257 0.2027
2
3.1947 0.2823
2
3.1881 0.3378
2
3.2918 0.3897
2
3.0029 -0.0611
2
3.0638 0.0429
2
3.0536 -0.1154
2
2.9570 -0.2431
2
3.0364 -0.2121
2
2.9540 -0.3444
2
3.1359 0.0454
2
3.1724 0.1230
2
3.0285 -0.3891
2
3.0259 -0.5000
2
3.4365 0.5000
2
3.3616 0.3421
2
3.4337 0.3754
2
3.3494 0.2524
2
3.2724 0.1336
2
3.2919 0.2229
2
3.1791 -0.0123
2
3.1578 -0.0995
2
3.1114 -0.2664
2
3.1972 -0.1456
2
3.1807 -0.2332
2
3.1024 -0.3482
2
3.3106 0.0864
2
3.2883 0.0010
2
3.5747 0.5000
2
3.1849 -0.4032
2
3.1869 -0.5000
2
3.5013 0.3397
2
3.5782 0.3751
2
3.5006 0.2243
2
3.4391 0.1957
2
3.4179 0.1006
2
3.3301 -0.0566
2
3.2983 -0.1322
2
3.2744 -0.3395
2
3.3467 -0.2109
2
3.2693 -0.2930
2
3.4605 0.0491
2
3.4177 -0.0516
2
3.7228 0.5000
2
3.6382 0.3436
2
3.7237 0.3924
2
3.3441 -0.3868
2
3.3403 -0.5000
2
3.8745 0.5000
2
3.5685 0.1945
2
3.6514 0.2518
2
3.5456 0.0488
2
3.5891 0.1026
2
3.4107 -0.2198
2
3.4675 -0.1139
2
3.4389 -0.2596
2
3.4209 -0.3532
2
3.5355 -0.1143
2
3.5882 -0.0490
2
3.7999 0.3440
2
3.8734 0.3883
2
3.7197 0.2210
2
3.7976 0.2773
2
3.5001 -0.4109
2
3.5001 -0.5000
2
4.0223 0.5000
2
3.9533 0.3449
2
4.0195 0.3759
2
3.6993 0.0869
2
3.7363 0.1360
2
3.6729 -0.0560
2
3.7205 0.0086
2
3.5927 -0.2186
2
3.5624 -0.2607
2
3.5802 -0.3529
2
3.6543 -0.2105
2
3.7050 -0.1299
2
3.9405 0.2316
2
3.8887 0.2125
2
3.8525 0.1228
2
3.6557 -0.3866
2
3.6607 -0.5000
2
4.1656 0.5000
2
4.3119 0.5000
2
4.0894 0.3387
2
4.1661 0.3793
2
4.0085 0.1955
2
4.0928 0.2426
2
3.8798 0.0653
2
3.8231 -0.0108
2
3.8476 -0.0907
2
3.8020 -0.1439
2
3.7341 -0.2943
2
3.7304 -0.3361
2
3.8213 -0.2297
2
3.9590 0.0498
2
4.0197 0.0979
2
3.8143 -0.3993
2
3.8120 -0.5000
2
4.4562 0.5000
2
4.2409 0.3394
2
4.3115 0.3765
2
4.3845 0.3401
2
4.4572 0.3755
2
4.2383 0.2426
2
4.1671 0.2011
2
4.1031 0.0693
2
4.1672 0.1178
2
3.9440 -0.1064
2
3.9881 -0.0655
2
3.9611 -0.2106
2
3.8972 -0.2623
2
3.9066 -0.3451
2
4.0697 -0.0740
2
4.1188 -0.0253
2
3.9657 -0.3828
2
3.9711 -0.5000
2
4.6031 0.5000
2
4.5236 0.3409
2
4.6053 0.3849
2
4.3830 0.2245
2
4.3234 0.1980
2
4.5313 0.2414
2
4.4461 0.1956
2
4.3026 0.0787
2
4.2272 -0.0483
2
4.2700 0.0654
2
4.1087 -0.1859
2
4.0556 -0.2376
2
4.0695 -0.3349
2
4.1801 -0.1904
2
4.2432 -0.0777
2
4.1077 -0.3595
2
4.1154 -0.5000
2
4.7561 0.5000
2
4.6756 0.3443
2
4.7572 0.3917
2
4.6797 0.2580
2
4.5950 0.2078
2
4.3871 0.0395
2
4.4629 0.0838
2
4.5183 0.0632
2
4.6057 0.1171
2
4.3925 -0.0644
2
4.3332 -0.1057
2
4.2240 -0.3303
2
4.2352 -0.2567
2
4.3442 -0.2137
2
4.2530 -0.3638
2
4.2364 -0.5000
2
4.9122 0.5000
2
4.8322 0.3459
2
4.9128 0.3960
2
4.8343 0.2685
2
4.7523 0.2152
2
4.6739 0.0810
2
4.7574 0.1405
2
4.6847 0.0115
2
4.4849 -0.0992
2
4.5504 -0.0520
2
4.5967 -0.0617
2
4.3987 -0.2480
2
4.4894 -0.1965
2
4.4058 -0.3390
2
4.3736 -0.3711
2
4.3829 -0.5000
2
5.0702 0.5000
2
4.9911 0.3472
2
5.0702 0.3968
2
4.9128 0.2205
2
4.9914 0.2707
2
4.9136 0.1439
2
4.8361 0.0940
2
4.8375 0.0160
2
4.7613 -0.0318
2
4.6557 -0.1609
2
4.7627 -0.1116
2
4.6463 -0.1968
2
4.5660 -0.2397
2
4.5619 -0.3391
2
4.5168 -0.3711
2
4.5144 -0.5000
2
5.2282 0.5000
2
5.1495 0.3473
2
5.2281 0.3966
2
5.0711 0.2212
2
5.1494 0.2706
2
4.9930 0.0954
2
5.0710 0.1444
2
4.9932 0.0174
2
4.9142 -0.0307
2
4.8243 -0.1592
2
4.9148 -0.1096
2
4.8235 -0.2271
2
4.7314 -0.2827
2
4.7244 -0.3387
2
4.6621 -0.3804
2
4.6595 -0.5000
2
5.3862 0.5000
2
5.3078 0.3471
2
5.3861 0.3962
2
5.3076 0.2701
2
5.2293 0.2208
2
5.1506 0.0949
2
5.2291 0.1443
2
5.0706 -0.0312
2
5.1505 0.0185
2
4.9858 -0.1584
2
5.0710 -0.1071
2
4.8988 -0.2843
2
4.9864 -0.2293
2
4.8979 -0.3478
2
4.8178 -0.4019
2
4.8147 -0.5000
2
5.5440 0.5000
2
5.4660 0.3469
2
5.5440 0.3959
2
5.4658 0.2695
2
5.3879 0.2201
2
5.3093 0.0940
2
5.3876 0.1439
2
5.3091 0.0190
2
5.2295 -0.0317
2
5.2296 -0.1054
2
5.1472 -0.1576
2
5.0634 -0.2829
2
5.1477 -0.2284
2
5.0637 -0.3492
2
4.9803 -0.4052
2
4.9800 -0.5000
2
5.7017 0.5000
2
5.6240 0.3468
2
5.7017 0.3956
2
5.5467 0.2197
2
5.6238 0.2688
2
5.5463 0.1431
2
5.4689 0.0932
2
5.4685 0.0187
2
5.3899 -0.0324
2
5.3091 -0.1574
2
5.3897 -0.1049
2
5.2271 -0.2817
2
5.3093 -0.2276
2
5.2274 -0.3492
2
5.1446 -0.4046
2
5.1447 -0.5000
2
5.8592 0.5000
2
5.7816 0.3468
2
5.8593 0.3957
2
5.7051 0.2195
2
5.7817 0.2684
2
5.6287 0.0925
2
5.7049 0.1421
2
5.5511 -0.0334
2
5.6283 0.0177
2
5.5507 -0.1053
2
5.4716 -0.1579
2
5.4714 -0.2274
2
5.3906 -0.2815
2
5.3906 -0.3490
2
5.3089 -0.4041
2
5.3089 -0.5000
2
6.0168 0.5000
2
5.9391 0.3471
2
6.0169 0.3962
2
5.8629 0.2198
2
5.9394 0.2687
2
5.8630 0.1413
2
5.7882 0.0922
2
5.7128 -0.0344
2
5.7878 0.0162
2
5.7122 -0.1064
2
5.6347 -0.1591
2
5.5545 -0.2821
2
5.6342 -0.2278
2
5.5543 -0.3489
2
5.4732 -0.4043
2
5.4732 -0.5000
2
6.1750 0.5000
2
6.0968 0.3472
2
6.1742 0.3960
2
6.0199 0.2206
2
6.0969 0.2696
2
6.0204 0.1413
2
5.9465 0.0927
2
5.8744 -0.0352
2
5.9465 0.0148
2
5.7984 -0.1606
2
5.8740 -0.1077
2
5.7979 -0.2285
2
5.7193 -0.2835
2
5.7190 -0.3488
2
5.6383 -0.4050
2
5.6382 -0.5000
2
6.3312 0.5000
2
6.2568 0.3450
2
6.3295 0.3899
2
6.1768 0.2209
2
6.2537 0.2689
2
6.1767 0.1423
2
6.1028 0.0943
2
6.0357 -0.0349
2
6.1034 0.0143
2
5.9629 -0.1616
2
6.0360 -0.1079
2
5.9629 -0.2286
2
5.8854 -0.2851
2
5.8852 -0.3485
2
5.8046 -0.4062
2
5.8045 -0.5000
2
6.4829 0.5000
2
6.4141 0.3425
2
6.4798 0.3795
2
6.4071 0.2514
2
6.3389 0.2126
2
6.3305 0.1407
2
6.2569 0.0953
2
6.1973 -0.0332
2
6.2570 0.0159
2
6.1997 -0.1026
2
6.1282 -0.1609
2
6.0527 -0.2852
2
6.1303 -0.2249
2
6.0538 -0.3471
2
5.9723 -0.4069
2
5.9726 -0.5000
2
6.6280 0.5000
2
6.5634 0.3378
2
6.6251 0.3685
2
6.4949 0.2010
2
6.5529 0.2249
2
6.4684 0.0843
2
6.4232 0.0719
2
6.3691 -0.0328
2
6.3783 -0.0632
2
6.2965 -0.1553
2
6.2204 -0.2795
2
6.3052 -0.2073
2
6.2253 -0.3420
2
6.1400 -0.4040
2
6.1418 -0.5000
2
6.7683 0.5000
2
6.7038 0.3325
2
6.7685 0.3678
2
6.7043 0.2240
2
6.6269 0.1851
2
6.5399 0.0391
2
6.6277 0.0812
2
6.5412 -0.0578
2
6.4609 -0.1045
2
6.4677 -0.2024
2
6.3848 -0.2521
2
6.3891 -0.3409
2
6.3049 -0.3918
2
6.3065 -0.5000
2
6.9087 0.5000
2
6.8528 0.3327
2
6.9083 0.3661
2
6.7782 0.1856
2
6.8527 0.2254
2
6.6976 0.0406
2
6.7790 0.0831
2
6.6985 -0.0569
2
6.6201 -0.1014
2
6.6209 -0.1972
2
6.5430 -0.2421
2
6.5456 -0.3385
2
6.4650 -0.3848
2
6.4664 -0.5000
2
7.0451 0.5000
2
7.1735 0.5000
2
7.0042 0.3333
2
7.0447 0.3617
2
7.0041 0.2267
2
6.9310 0.1856
2
6.8538 0.0419
2
6.9316 0.0845
2
6.7770 -0.1001
2
6.8544 -0.0564
2
6.7003 -0.2406
2
6.7774 -0.1967
2
6.7006 -0.3370
2
6.6226 -0.3810
2
6.6232 -0.5000
2
7.3062 0.5000
2
7.1576 0.3376
2
7.1783 0.3556
2
7.3016 0.3533
2
7.1600 0.2298
2
7.0846 0.1857
2
7.0860 0.0862
2
7.0091 0.0430
2
6.9334 -0.0992
2
7.0099 -0.0556
2
6.8568 -0.2402
2
6.9338 -0.1964
2
6.8569 -0.3368
2
6.7792 -0.3805
2
6.7793 -0.5000
2
7.4342 0.5000
2
7.5704 0.5000
2
7.7071 0.5000
2
7.3166 0.3396
2
7.4345 0.3601
2
7.3141 0.2294
2
7.2398 0.1883
2
7.1642 0.0450
2
7.2396 0.0866
2
7.0897 -0.0981
2
7.1644 -0.0555
2
7.0898 -0.1962
2
7.0134 -0.2397
2
7.0135 -0.3366
2
6.9357 -0.3803
2
6.9358 -0.5000
2
7.4689 0.3350
2
7.5704 0.3649
2
7.6169 0.3348
2
7.7150 0.3686
2
7.7490 0.3483
2
7.8531 0.3818
2
7.8663 0.5000
2
8.0000 0.5000
2
7.4688 0.2260
2
7.3951 0.1853
2
7.3936 0.0857
2
7.3186 0.0448
2
7.3178 -0.0565
2
7.2461 -0.0980
2
7.2456 -0.1964
2
7.1705 -0.2397
2
7.1704 -0.3364
2
7.0924 -0.3803
2
7.0925 -0.5000
2
7.5497 0.1848
2
7.6177 0.2248
2
7.7057 0.1864
2
7.7670 0.2312
2
7.8495 0.2113
2
7.9157 0.3249
2
8.0000 0.3271
2
7.5501 0.0847
2
7.4713 0.0434
2
7.4704 -0.0587
2
7.4028 -0.0992
2
7.3285 -0.2407
2
7.4018 -0.1970
2
7.3282 -0.3362
2
7.2493 -0.3804
2
7.2493 -0.5000
2
7.7109 0.0887
2
7.6191 0.0457
2
7.7624 0.0558
2
7.8843 0.1541
2
7.8475 0.0774
2
8.0000 0.1531
2
7.6213 -0.0609
2
7.5597 -0.1003
2
7.5591 -0.1977
2
7.4885 -0.2426
2
7.4883 -0.3353
2
7.4064 -0.3808
2
7.4065 -0.5000
2
7.7169 -0.0972
2
7.7586 -0.0698
2
7.8522 -0.0921
2
7.9188 -0.0170
2
8.0000 -0.0163
2
7.7140 -0.2014
2
7.6529 -0.2444
2
7.6524 -0.3340
2
7.5630 -0.3804
2
7.5633 -0.5000
2
7.8223 -0.2467
2
7.8823 -0.1823
2
8.0000 -0.1981
2
7.8315 -0.3289
2
7.7166 -0.3781
2
7.7191 -0.5000
2
7.8622 -0.3531
2
8.0000 -0.3376
2
7.8647 -0.5000
2
8.0000 -0.5000
16
0
439 442 441 437 422 421 
1.00
16
0
692 708 707 704 691 690 
1.00
15
0
317 332 331 328 316 
1.00
16
0
369 380 381 378 364 363 
1.00
15
0
14 26 27 28 15 
1.00
16
0
137 151 153 154 139 138 
1.00
15
0
580 596 595 578 579 
1.00
15
0
295 309 310 308 293 
1.00
17
0
707 724 723 721 706 705 704 
1.00
16
0
103 117 120 119 105 104 
1.00
16
0
789 796 795 792 787 788 
1.00
16
0
466 480 481 477 462 463 
1.00
16
0
571 587 586 584 569 568 
1.00
15
0
793 794 786 785 784 
1.00
16
0
234 247 246 243 242 229 
1.00
15
0
375 382 393 392 374 
1.00
15
0
417 435 434 431 416 
1.00
16
0
617 633 632 630 615 614 
1.00
16
0
678 693 692 690 676 675 
1.00
15
0
75 90 91 92 76 
1.00
16
0
176 189 193 192 178 175 
1.00
16
0
328 331 344 341 327 326 
1.00
15
0
46 62 61 48 45 
1.00
16
0
428 432 433 425 415 414 
1.00
16
0
298 301 313 312 296 297 
1.00
15
0
123 138 139 140 124 
1.00
16
0
211 223 228 227 213 210 
1.00
15
0
768 781 780 766 767 
1.00
16
0
542 558 559 557 540 541 
1.00
16
0
381 397 396 385 379 378 
1.00
16
0
766 780 779 778 765 764 
1.00
16
0
96 109 112 111 97 95 
1.00
16
0
641 655 656 654 638 639 
1.00
16
0
626 643 642 640 624 625 
1.00
17
0
481 497 496 494 479 478 477 
1.00
15
0
139 154 155 156 140 
1.00
16
0
495 510 511 509 492 493 
1.00
15
0
271 286 285 281 270 
1.00
16
0
130 143 146 145 132 129 
1.00
15
0
224 240 239 228 223 
1.00
16
0
728 747 746 745 726 725 
1.00
16
0
33 47 49 50 36 34 
1.00
15
0
187 203 204 205 188 
1.00
16
0
23 38 40 39 25 24 
1.00
16
0
395 410 409 408 390 389 
1.00
15
0
1 3 4 5 0 
1.00
15
0
733 752 751 731 732 
1.00
16
0
178 192 195 194 180 177 
1.00
15
0
43 58 59 60 44 
1.00
15
0
237 252 253 254 238 
1.00
16
0
390 408 407 398 388 387 
1.00
16
0
86 100 101 102 88 85 
1.00
16
0
795 798 799 794 793 792 
1.00
15
0
268 283 284 272 269 
1.00
15
0
256 271 270 264 255 
1.00
16
0
41 55 57 58 43 42 
1.00
16
0
258 259 274 275 266 257 
1.00
16
0
13 24 25 26 14 12 
1.00
16
0
429 447 446 432 428 427 
1.00
16
0
618 635 634 633 617 616 
1.00
16
0
490 506 507 504 489 488 
1.00
16
0
66 79 81 82 67 65 
1.00
16
0
53 68 69 70 56 54 
1.00
15
0
615 630 631 629 613 
1.00
16
0
748 764 765 763 746 747 
1.00
15
0
449 465 466 463 450 
1.00
16
0
101 116 118 117 103 102 
1.00
16
0
715 732 731 730 714 713 
1.00
17
0
282 291 300 299 287 284 283 
1.00
16
0
250 265 262 260 246 247 
1.00
16
0
621 636 637 635 618 619 
1.00
15
0
2 8 7 3 1 
1.00
15
0
4 12 14 15 5 
1.00
16
0
562 579 578 577 561 560 
1.00
16
0
456 473 472 470 455 454 
1.00
16
0
406 424 423 419 404 403 
1.00
15
0
583 598 599 597 581 
1.00
15
0
596 612 611 594 595 
1.00
16
0
669 684 683 682 667 668 
1.00
16
0
242 243 258 257 251 241 
1.00
16
0
578 595 594 592 576 577 
1.00
16
0
482 499 498 497 481 480 
1.00
16
0
337 345 354 353 336 338 
1.00
16
0
37 52 53 54 40 38 
1.00
16
0
650 665 666 664 649 648 
1.00
16
0
292 293 308 307 300 291 
1.00
15
0
500 516 515 498 499 
1.00
16
0
623 639 638 636 621 620 
1.00
16
0
69 84 86 85 71 70 
1.00
16
0
144 157 160 159 146 143 
1.00
16
0
423 440 439 421 420 419 
1.00
16
0
396 405 406 403 386 385 
1.00
16
0
731 751 750 749 729 730 
1.00
16
0
663 677 678 675 662 661 
1.00
15
0
612 628 627 610 611 
1.00
16
0
25 39 41 42 27 26 
1.00
16
0
64 77 80 79 66 63 
1.00
16
0
56 70 71 72 57 55 
1.00
16
0
683 698 699 696 681 682 
1.00
16
0
742 753 754 736 735 734 
1.00
16
0
574 591 590 588 573 572 
1.00
16
0
115 129 132 131 118 116 
1.00
16
0
569 584 585 582 567 566 
1.00
16
0
83 98 99 100 86 84 
1.00
16
0
99 113 115 116 101 100 
1.00
15
0
487 502 503 501 485 
1.00
15
0
302 317 316 313 301 
1.00
15
0
503 518 519 517 501 
1.00
16
0
642 658 657 655 641 640 
1.00
16
0
476 493 492 491 475 474 
1.00
16
0
605 620 621 619 602 603 
1.00
15
0
216 217 218 209 201 
1.00
16
0
608 625 624 622 607 606 
1.00
17
0
769 771 773 772 757 756 755 
1.00
16
0
709 725 726 724 707 708 
1.00
15
0
62 78 77 64 61 
1.00
15
0
332 349 348 344 331 
1.00
15
0
289 304 305 306 290 
1.00
16
0
554 570 571 568 553 552 
1.00
16
0
498 515 514 513 496 497 
1.00
16
0
667 682 681 679 666 665 
1.00
16
0
344 348 357 359 343 341 
1.00
16
0
195 210 213 212 197 194 
1.00
16
0
80 93 96 95 81 79 
1.00
16
0
671 686 685 684 669 670 
1.00
16
0
193 206 211 210 195 192 
1.00
16
0
327 341 343 342 340 325 
1.00
15
0
484 500 499 482 483 
1.00
15
0
171 186 187 188 172 
1.00
16
0
546 563 562 560 545 544 
1.00
15
0
379 385 386 384 367 
1.00
16
0
132 145 148 147 133 131 
1.00
15
0
673 687 686 671 672 
1.00
16
0
81 95 97 98 83 82 
1.00
16
0
235 241 251 252 237 236 
1.00
16
0
200 201 209 208 202 191 
1.00
15
0
433 444 445 426 425 
1.00
16
0
57 72 73 74 59 58 
1.00
15
0
322 334 335 333 318 
1.00
15
0
110 126 125 112 109 
1.00
16
0
97 111 114 113 99 98 
1.00
15
0
687 702 701 685 686 
1.00
16
0
245 255 264 263 248 244 
1.00
16
0
461 474 475 473 456 457 
1.00
16
0
754 755 756 738 737 736 
1.00
16
0
371 387 388 380 369 368 
1.00
16
0
573 588 589 587 571 570 
1.00
15
0
659 673 672 657 658 
1.00
15
0
351 363 364 362 347 
1.00
16
0
507 522 523 521 505 504 
1.00
16
0
112 125 128 127 114 111 
1.00
16
0
744 761 760 753 742 743 
1.00
15
0
155 170 171 172 156 
1.00
16
0
209 218 226 225 219 208 
1.00
15
0
647 661 662 660 645 
1.00
16
0
413 430 429 427 409 410 
1.00
17
0
652 653 668 667 665 650 651 
1.00
16
0
346 355 361 360 354 345 
1.00
15
0
248 263 265 250 249 
1.00
15
0
21 23 24 13 11 
1.00
16
0
561 577 576 575 559 558 
1.00
16
0
377 389 390 387 371 370 
1.00
15
0
394 411 413 410 395 
1.00
16
0
514 531 530 528 512 513 
1.00
15
0
19 34 36 35 22 
1.00
16
0
280 297 296 294 277 278 
1.00
16
0
632 648 649 646 631 630 
1.00
16
0
553 568 569 566 551 550 
1.00
16
0
120 134 136 135 121 119 
1.00
15
0
126 142 141 128 125 
1.00
15
0
94 110 109 96 93 
1.00
15
0
16 18 17 10 6 
1.00
16
0
372 374 392 391 376 373 
1.00
16
0
520 537 536 534 519 518 
1.00
15
0
567 582 583 581 565 
1.00
17
0
448 451 464 465 449 446 447 
1.00
16
0
89 104 105 106 91 90 
1.00
16
0
489 504 505 502 487 486 
1.00
16
0
118 131 133 134 120 117 
1.00
16
0
105 119 121 122 107 106 
1.00
15
0
59 74 75 76 60 
1.00
16
0
133 147 150 149 136 134 
1.00
16
0
121 135 137 138 123 122 
1.00
16
0
166 179 182 181 168 165 
1.00
15
0
286 302 301 298 285 
1.00
16
0
261 278 277 276 274 259 
1.00
16
0
184 199 200 191 185 183 
1.00
16
0
217 232 234 229 226 218 
1.00
16
0
729 749 748 747 728 727 
1.00
15
0
535 550 551 549 533 
1.00
15
0
420 421 422 418 402 
1.00
16
0
169 183 185 186 171 170 
1.00
16
0
180 194 197 196 182 179 
1.00
16
0
40 54 56 55 41 39 
1.00
15
0
706 721 722 718 703 
1.00
15
0
551 566 567 565 549 
1.00
16
0
443 458 459 442 439 440 
1.00
16
0
281 285 298 297 280 279 
1.00
16
0
136 149 152 151 137 135 
1.00
15
0
532 548 547 530 531 
1.00
15
0
783 784 785 773 771 
1.00
16
0
150 164 166 165 152 149 
1.00
15
0
204 220 221 222 205 
1.00
16
0
320 338 336 334 322 321 
1.00
16
0
51 65 67 68 53 52 
1.00
16
0
536 552 553 550 535 534 
1.00
16
0
356 358 372 373 361 355 
1.00
15
0
737 738 739 740 720 
1.00
15
0
305 321 322 318 306 
1.00
16
0
472 488 489 486 471 470 
1.00
16
0
148 162 163 164 150 147 
1.00
16
0
329 339 346 345 337 330 
1.00
16
0
161 175 178 177 163 162 
1.00
16
0
601 616 617 614 599 598 
1.00
15
0
691 704 705 689 688 
1.00
6
0
288 289 290 273 
1.00
16
0
556 572 573 570 554 555 
1.00
16
0
246 260 261 259 258 243 
1.00
15
0
452 468 467 464 451 
1.00
15
0
662 675 676 674 660 
1.00
16
0
496 513 512 510 495 494 
1.00
16
0
296 312 311 309 295 294 
1.00
16
0
251 257 266 267 253 252 
1.00
15
0
388 398 397 381 380 
1.00
16
0
352 368 369 363 351 350 
1.00
17
0
311 326 327 325 323 310 309 
1.00
16
0
459 460 461 457 441 442 
1.00
16
0
585 600 601 598 583 582 
1.00
15
0
383 400 399 393 382 
1.00
16
0
391 394 395 389 377 376 
1.00
16
0
128 141 144 143 130 127 
1.00
16
0
7 11 13 12 4 3 
1.00
17
0
263 264 270 281 279 262 265 
1.00
15
0
253 267 268 269 254 
1.00
16
0
505 521 520 518 503 502 
1.00
16
0
777 788 787 782 775 776 
1.00
16
0
765 778 777 776 762 763 
1.00
16
0
409 427 428 414 407 408 
1.00
16
0
202 208 219 220 204 203 
1.00
16
0
634 651 650 648 632 633 
1.00
15
0
637 652 651 634 635 
1.00
16
0
624 640 641 639 623 622 
1.00
16
0
607 622 623 620 605 604 
1.00
16
0
88 102 103 104 89 87 
1.00
15
0
519 534 535 533 517 
1.00
17
0
398 407 414 415 405 396 397 
1.00
15
0
207 224 223 211 206 
1.00
16
0
71 85 88 87 73 72 
1.00
16
0
699 713 714 711 697 696 
1.00
16
0
163 177 180 179 166 164 
1.00
16
0
160 173 176 175 161 159 
1.00
16
0
523 538 539 537 520 521 
1.00
16
0
750 767 766 764 748 749 
1.00
16
0
431 434 448 447 429 430 
1.00
16
0
593 609 608 606 590 591 
1.00
16
0
146 159 161 162 148 145 
1.00
16
0
760 770 769 755 754 753 
1.00
17
0
444 450 463 462 458 443 445 
1.00
16
0
576 592 593 591 574 575 
1.00
16
0
32 45 48 47 33 31 
1.00
16
0
695 710 709 708 692 693 
1.00
16
0
602 619 618 616 601 600 
1.00
15
0
91 106 107 108 92 
1.00
16
0
426 445 443 440 423 424 
1.00
16
0
277 294 295 293 292 276 
1.00
15
0
404 419 420 402 401 
1.00
17
0
357 365 375 374 372 358 359 
1.00
15
0
366 383 382 375 365 
1.00
15
0
190 207 206 193 189 
1.00
15
0
240 256 255 245 239 
1.00
15
0
30 46 45 32 29 
1.00
16
0
779 790 789 788 777 778 
1.00
15
0
564 580 579 562 563 
1.00
16
0
746 763 762 761 744 745 
1.00
15
0
158 174 173 160 157 
1.00
15
0
781 791 790 779 780 
1.00
16
0
680 694 695 693 678 677 
1.00
15
0
438 454 455 453 436 
1.00
15
0
364 378 379 367 362 
1.00
16
0
233 249 250 247 234 232 
1.00
15
0
599 614 615 613 597 
1.00
17
0
214 230 233 232 217 216 215 
1.00
16
0
36 50 51 52 37 35 
1.00
16
0
656 670 669 668 653 654 
1.00
16
0
545 560 561 558 542 543 
1.00
16
0
589 604 605 603 586 587 
1.00
15
0
548 564 563 546 547 
1.00
16
0
336 353 352 350 335 334 
1.00
15
0
349 366 365 357 348 
1.00
16
0
681 696 697 694 680 679 
1.00
16
0
266 275 282 283 268 267 
1.00
16
0
700 716 715 713 699 698 
1.00
16
0
649 664 663 661 647 646 
1.00
15
0
676 690 691 688 674 
1.00
15
0
386 403 404 401 384 
1.00
15
0
471 486 487 485 469 
1.00
15
0
791 797 796 789 790 
1.00
17
0
393 399 412 411 394 391 392 
1.00
15
0
27 42 43 44 28 
1.00
16
0
712 727 728 725 709 710 
1.00
16
0
511 526 527 524 508 509 
1.00
16
0
307 315 314 303 299 300 
1.00
15
0
739 758 759 741 740 
1.00
16
0
197 212 214 215 198 196 
1.00
16
0
529 544 545 543 527 526 
1.00
16
0
512 528 529 526 511 510 
1.00
16
0
340 342 356 355 346 339 
1.00
15
0
107 122 123 124 108 
1.00
16
0
9 20 21 11 7 8 
1.00
17
0
354 360 370 371 368 352 353 
1.00
16
0
168 181 184 183 169 167 
1.00
16
0
610 627 626 625 608 609 
1.00
16
0
315 324 329 330 319 314 
1.00
16
0
697 711 712 710 695 694 
1.00
15
0
628 644 643 626 627 
1.00
16
0
478 479 476 474 461 460 
1.00
16
0
152 165 168 167 153 151 
1.00
16
0
775 782 783 771 769 770 
1.00
16
0
219 225 235 236 221 220 
1.00
16
0
723 743 742 734 722 721 
1.00
16
0
213 227 231 230 214 212 
1.00
16
0
323 325 340 339 329 324 
1.00
16
0
67 82 83 84 69 68 
1.00
16
0
508 524 525 522 507 506 
1.00
16
0
153 167 169 170 155 154 
1.00
16
0
18 31 33 34 19 17 
1.00
16
0
586 603 602 600 585 584 
1.00
15
0
284 287 288 273 272 
1.00
16
0
525 541 540 538 523 522 
1.00
15
0
330 337 338 320 319 
1.00
16
0
530 547 546 544 529 528 
1.00
15
0
29 32 31 18 16 
1.00
16
0
726 745 744 743 723 724 
1.00
16
0
666 679 680 677 663 664 
1.00
15
0
644 659 658 642 643 
1.00
15
0
717 733 732 715 716 
1.00
17
0
303 314 319 320 321 305 304 
1.00
15
0
516 532 531 514 515 
1.00
15
0
422 437 438 436 418 
1.00
15
0
435 452 451 448 434 
1.00
16
0
226 229 242 241 235 225 
1.00
16
0
231 244 248 249 233 230 
1.00
15
0
400 417 416 412 399 
1.00
16
0
198 215 216 201 200 199 
1.00
15
0
702 717 716 700 701 
1.00
15
0
757 772 774 759 758 
1.00
16
0
10 17 19 22 20 9 
1.00
6
0
468 484 483 467 
1.00
15
0
78 94 93 80 77 
1.00
16
0
685 701 700 698 683 684 
1.00
6
0
800 801 799 798 
1.00
16
0
48 61 64 63 49 47 
1.00
15
0
722 734 735 719 718 
1.00
15
0
6 10 9 8 2 
1.00
16
0
559 575 574 572 556 557 
1.00
15
0
631 646 647 645 629 
1.00
17
0
464 467 483 482 480 466 465 
1.00
6
0
705 706 703 689 
1.00
15
0
752 768 767 750 751 
1.00
16
0
492 509 508 506 490 491 
1.00
15
0
142 158 157 144 141 
1.00
16
0
182 196 198 199 184 181 
1.00
15
0
174 190 189 176 173 
1.00
17
0
22 35 37 38 23 21 20 
1.00
16
0
73 87 89 90 75 74 
1.00
15
0
455 470 471 469 453 
1.00
15
0
735 736 737 720 719 
1.00
16
0
310 323 324 315 307 308 
1.00
15
0
343 359 358 356 342 
1.00
15
0
797 800 798 795 796 
1.00
16
0
762 776 775 770 760 761 
1.00
16
0
539 555 554 552 536 537 
1.00
15
0
756 757 758 739 738 
1.00
16
0
657 672 671 670 656 655 
1.00
16
0
274 276 292 291 282 275 
1.00
16
0
527 543 542 541 525 524 
1.00
16
0
228 239 245 244 231 227 
1.00
15
0
221 236 237 238 222 
1.00
16
0
540 557 556 555 539 538 
1.00
16
0
446 449 450 444 433 432 
1.00
15
0
335 350 351 347 333 
1.00
16
0
475 491 490 488 472 473 
1.00
16
0
638 654 653 652 637 636 
1.00
16
0
441 457 456 454 438 437 
1.00
16
0
462 477 478 460 459 458 
1.00
15
0
494 495 493 476 479 
1.00
16
0
415 425 426 424 406 405 
1.00
16
0
49 63 66 65 51 50 
1.00
16
0
594 611 610 609 593 592 
1.00
15
0
785 786 774 772 773 
1.00
16
0
299 303 304 289 288 287 
1.00
16
0
787 792 793 784 783 782 
1.00
16
0
313 316 328 326 311 312 
1.00
16
0
714 730 729 727 712 711 
1.00
16
0
412 416 431 430 413 411 
1.00
16
0
361 373 376 377 370 360 
1.00
16
0
185 191 202 203 187 186 
1.00
16
0
114 127 130 129 115 113 
1.00
16
0
262 279 280 278 261 260 
1.00
16
0
590 606 607 604 589 588 
1.00
0
0 0
0
1 0
0
2 0
0
6 0
0
16 0
0
29 0
0
30 0
0
0 1
0
1 1
0
2 1
0
6 1
0
16 1
0
29 1
0
30 1
2
741 1 -0.273100382555000
2
759 1 -1.438571699465000
2
774 1 -2.278542343180000
2
786 1 -2.575431605200000
2
794 1 -2.041711244055000
2
799 1 -1.150320618665000
2
801 1 -0.242322106880000
