0
102 50 1 12
1
219780.2197802198 0.428571428571429
2
0.0000 -0.5000
2
0.0000 -0.1603
2
0.0000 0.1476
2
0.0000 0.5000
2
0.3959 -0.1831
2
0.4550 -0.5000
2
0.5044 -0.0155
2
0.3708 0.1780
2
0.4465 0.5000
2
0.7983 -0.5000
2
0.7224 -0.0016
2
0.8582 -0.2003
2
0.8169 0.1520
2
0.7222 0.5000
2
1.2081 -0.1504
2
1.3044 -0.5000
2
1.2816 -0.0093
2
1.1319 0.1858
2
1.1986 0.5000
2
1.6272 -0.5000
2
1.5186 0.0352
2
1.6491 -0.0365
2
1.5438 0.5000
2
2.0295 -0.5000
2
2.0219 -0.0370
2
1.8933 0.0238
2
1.8875 0.5000
2
2.4086 -0.5000
2
2.4067 -0.0344
2
2.2569 0.0320
2
2.2540 0.5000
2
2.7792 -0.5000
2
2.6228 0.0340
2
2.7937 -0.0399
2
2.6286 0.5000
2
3.1944 -0.5000
2
3.4301 -0.5000
2
3.1326 -0.0263
2
2.9998 0.0273
2
2.9937 0.5000
2
3.9026 -0.5000
2
3.5764 -0.1122
2
3.8884 -0.2209
2
3.5172 0.0161
2
3.4009 0.0670
2
3.3467 0.5000
2
4.3191 -0.5000
2
4.0459 -0.0734
2
4.3215 -0.2222
2
4.0413 0.0798
2
3.8042 0.2432
2
3.7867 0.5000
2
4.7615 -0.5000
2
4.5146 -0.0763
2
4.7633 -0.2340
2
4.5168 0.0881
2
4.2696 0.2615
2
4.2683 0.5000
2
5.2140 -0.5000
2
4.9780 -0.0806
2
5.2148 -0.2403
2
4.9796 0.0867
2
4.7404 0.2541
2
4.7414 0.5000
2
5.6707 -0.5000
2
5.4387 -0.0830
2
5.6711 -0.2430
2
5.4395 0.0855
2
5.2058 0.2487
2
5.2064 0.5000
2
6.1290 -0.5000
2
5.8982 -0.0841
2
6.1293 -0.2441
2
5.8985 0.0851
2
5.6676 0.2463
2
5.6679 0.5000
2
6.5884 -0.5000
2
6.3565 -0.0851
2
6.5889 -0.2450
2
6.3566 0.0855
2
6.1280 0.2454
2
6.1280 0.5000
2
7.0496 -0.5000
2
6.8112 -0.0878
2
7.0514 -0.2467
2
6.8112 0.0880
2
6.5884 0.2454
2
6.5880 0.5000
2
7.5184 -0.5000
2
8.0000 -0.5000
2
7.2527 -0.0984
2
7.5214 -0.2479
2
7.2527 0.0985
2
7.0512 0.2468
2
7.0494 0.5000
2
7.6548 -0.1340
2
8.0000 -0.2188
2
7.5213 0.2480
2
7.6548 0.1341
2
7.5183 0.5000
2
8.0000 0.2189
2
8.0000 0.5000
16
0
71 72 77 79 80 73 
1.00
15
0
86 85 93 94 87 
1.00
16
0
11 14 16 17 12 10 
1.00
16
0
77 78 83 85 86 79 
1.00
15
0
40 46 48 47 42 
1.00
6
0
9 15 14 11 
1.00
15
0
25 24 29 30 26 
1.00
6
0
36 40 42 41 
1.00
15
0
97 98 100 101 99 
1.00
15
0
82 88 91 90 84 
1.00
15
0
17 16 20 22 18 
1.00
15
0
88 89 96 95 91 
1.00
6
0
95 96 100 98 
1.00
15
0
44 43 50 51 45 
1.00
15
0
74 73 80 81 75 
1.00
6
0
12 17 18 13 
1.00
15
0
32 33 38 39 34 
1.00
15
0
76 82 84 83 78 
1.00
15
0
64 70 72 71 66 
1.00
16
0
90 91 95 98 97 92 
1.00
15
0
50 49 56 57 51 
1.00
6
0
0 5 4 1 
1.00
15
0
80 79 86 87 81 
1.00
16
0
83 84 90 92 93 85 
1.00
15
0
56 55 62 63 57 
1.00
15
0
58 64 66 65 60 
1.00
15
0
52 58 60 59 54 
1.00
15
0
27 31 33 32 28 
1.00
16
0
47 48 53 55 56 49 
1.00
16
0
15 19 21 20 16 14 
1.00
16
0
53 54 59 61 62 55 
1.00
6
0
2 7 8 3 
1.00
15
0
19 23 24 25 21 
1.00
16
0
5 9 11 10 6 4 
1.00
16
0
7 6 10 12 13 8 
1.00
15
0
70 76 78 77 72 
1.00
15
0
62 61 68 69 63 
1.00
15
0
29 28 32 34 30 
1.00
15
0
93 92 97 99 94 
1.00
15
0
1 4 6 7 2 
1.00
15
0
31 35 37 38 33 
1.00
15
0
23 27 28 29 24 
1.00
15
0
68 67 74 75 69 
1.00
16
0
65 66 71 73 74 67 
1.00
15
0
20 21 25 26 22 
1.00
16
0
35 36 41 43 44 37 
1.00
15
0
38 37 44 45 39 
1.00
16
0
41 42 47 49 50 43 
1.00
15
0
46 52 54 53 48 
1.00
16
0
59 60 65 67 68 61 
1.00
0
0 0
0
1 0
0
2 0
0
3 0
0
0 1
0
1 1
0
2 1
0
3 1
2
89 1 -0.679557143360000
2
96 1 -4.321144961315000
2
100 1 -4.320184483979999
2
101 1 -0.679113411345000
