0
1601 800 1 30
1
219780.2197802198 0.428571428571429
2
-0.0000 0.5000
2
-0.0000 0.3113
2
-0.0000 0.4015
2
0.0899 0.4083
2
0.0973 0.5000
2
-0.0000 0.2074
2
-0.0000 0.0947
2
-0.0000 -0.0228
2
-0.0000 -0.1405
2
-0.0000 -0.2619
2
-0.0000 -0.3772
2
-0.0000 -0.5000
2
0.0779 -0.5000
2
0.0762 0.2053
2
0.1138 0.2854
2
0.0983 0.3069
2
0.1123 0.3861
2
0.1898 0.3990
2
0.1851 0.5000
2
0.1108 0.1596
2
0.0669 0.0933
2
0.1058 0.0392
2
0.0669 -0.0226
2
0.1060 -0.0757
2
0.0674 -0.1406
2
0.1050 -0.1893
2
0.0691 -0.2593
2
0.1103 -0.3051
2
0.0848 -0.3805
2
0.0963 -0.3954
2
0.1784 -0.4113
2
0.1786 -0.5000
2
0.1488 0.1574
2
0.1666 0.2757
2
0.1978 0.2123
2
0.2395 0.2059
2
0.2202 0.3284
2
0.2098 0.3850
2
0.2885 0.4201
2
0.2862 0.5000
2
0.1551 0.0396
2
0.1892 0.0957
2
0.1905 -0.0119
2
0.1568 -0.0752
2
0.1907 -0.1200
2
0.1625 -0.1885
2
0.1692 -0.2954
2
0.1901 -0.2231
2
0.2099 -0.3335
2
0.2034 -0.3920
2
0.2774 -0.4246
2
0.2771 -0.5000
2
0.2458 0.0988
2
0.2706 0.1454
2
0.2836 0.2981
2
0.2890 0.2557
2
0.3418 0.1520
2
0.3545 0.2211
2
0.3353 0.3428
2
0.3325 0.3890
2
0.3965 0.4286
2
0.3952 0.5000
2
0.2495 -0.0112
2
0.2793 0.0467
2
0.2789 -0.0561
2
0.2549 -0.1170
2
0.2637 -0.2208
2
0.2837 -0.1560
2
0.2838 -0.2485
2
0.2716 -0.3101
2
0.3222 -0.3527
2
0.3226 -0.3901
2
0.3817 -0.4257
2
0.3814 -0.5000
2
0.3722 0.1174
2
0.3360 0.0484
2
0.4063 0.1167
2
0.3955 0.2425
2
0.3979 0.3074
2
0.4502 0.2132
2
0.4573 0.1716
2
0.4494 0.3394
2
0.4495 0.3932
2
0.5081 0.4290
2
0.5080 0.5000
2
0.3736 -0.0031
2
0.3526 -0.0529
2
0.3768 -0.0968
2
0.3523 -0.1503
2
0.3884 -0.2076
2
0.3857 -0.3058
2
0.3664 -0.2460
2
0.4283 -0.3236
2
0.4348 -0.3936
2
0.4848 -0.4184
2
0.4862 -0.5000
2
0.4356 0.0091
2
0.4534 0.0553
2
0.5200 0.1401
2
0.5144 0.0731
2
0.5057 0.3045
2
0.5086 0.2593
2
0.5664 0.2238
2
0.5646 0.1657
2
0.5639 0.3461
2
0.5627 0.3926
2
0.6217 0.4320
2
0.6213 0.5000
2
0.4390 -0.2012
2
0.4599 -0.1001
2
0.4772 -0.0433
2
0.4708 -0.1194
2
0.4787 -0.2940
2
0.4832 -0.2399
2
0.5362 -0.3298
2
0.5343 -0.3901
2
0.5887 -0.4208
2
0.5880 -0.5000
2
0.5453 -0.0237
2
0.5510 0.0444
2
0.6151 0.0667
2
0.6173 0.1348
2
0.6204 0.2567
2
0.6209 0.3089
2
0.6734 0.2224
2
0.6722 0.1624
2
0.6778 0.3452
2
0.6780 0.3940
2
0.7361 0.4319
2
0.7363 0.5000
2
0.5417 -0.1409
2
0.5471 -0.2107
2
0.5833 -0.0551
2
0.5833 -0.1095
2
0.5881 -0.2346
2
0.5899 -0.2992
2
0.6403 -0.3277
2
0.6407 -0.3917
2
0.6920 -0.4205
2
0.6921 -0.5000
2
0.6526 0.0398
2
0.6530 -0.0226
2
0.7188 0.1321
2
0.7184 0.0678
2
0.7325 0.3084
2
0.7319 0.2547
2
0.7797 0.1612
2
0.7803 0.2212
2
0.7916 0.3440
2
0.7921 0.3936
2
0.8508 0.4310
2
0.8512 0.5000
2
0.6446 -0.2055
2
0.6454 -0.1427
2
0.6960 -0.1120
2
0.6965 -0.0538
2
0.6941 -0.2353
2
0.6937 -0.2983
2
0.7449 -0.3281
2
0.7446 -0.3916
2
0.7957 -0.4208
2
0.7956 -0.5000
2
0.7595 0.0390
2
0.7591 -0.0229
2
0.8235 0.1311
2
0.8225 0.0674
2
0.8439 0.2535
2
0.8445 0.3069
2
0.8874 0.2209
2
0.8863 0.1592
2
0.9057 0.3429
2
0.9066 0.3925
2
0.9651 0.4290
2
0.9660 0.5000
2
0.7490 -0.2060
2
0.7500 -0.1444
2
0.8044 -0.1143
2
0.8054 -0.0542
2
0.7987 -0.2989
2
0.7993 -0.2367
2
0.8492 -0.3290
2
0.8489 -0.3918
2
0.8992 -0.4211
2
0.8991 -0.5000
2
0.8661 0.0374
2
0.8646 -0.0247
2
0.9285 0.1293
2
0.9261 0.0648
2
0.9587 0.3041
2
0.9573 0.2512
2
0.9901 0.1546
2
0.9931 0.2205
2
1.0201 0.3400
2
1.0222 0.3903
2
1.0785 0.4247
2
1.0790 0.5000
2
0.8544 -0.2072
2
0.8556 -0.1463
2
0.9109 -0.1168
2
0.9127 -0.0566
2
0.9046 -0.2385
2
0.9040 -0.2995
2
0.9537 -0.3299
2
0.9535 -0.3920
2
1.0023 -0.4211
2
1.0024 -0.5000
2
0.9724 0.0334
2
0.9693 -0.0281
2
1.0333 0.1242
2
1.0276 0.0590
2
1.0853 0.1442
2
1.0728 0.2443
2
1.0768 0.2974
2
1.0961 0.2189
2
1.1345 0.3320
2
1.1352 0.3898
2
1.1906 0.4235
2
1.1906 0.5000
2
0.9606 -0.2084
2
0.9617 -0.1494
2
1.0180 -0.1188
2
1.0197 -0.0617
2
1.0099 -0.2999
2
1.0104 -0.2402
2
1.0583 -0.3304
2
1.0583 -0.3921
2
1.1047 -0.4207
2
1.1047 -0.5000
2
1.0761 -0.0312
2
1.0785 0.0249
2
1.1332 0.0547
2
1.1354 0.1116
2
1.1805 0.2215
2
1.1865 0.1399
2
1.1942 0.2361
2
1.1925 0.2962
2
1.2483 0.3348
2
1.2473 0.3896
2
1.3027 0.4252
2
1.3023 0.5000
2
1.0679 -0.2092
2
1.0688 -0.1525
2
1.1267 -0.1205
2
1.1281 -0.0664
2
1.1164 -0.3001
2
1.1168 -0.2417
2
1.1631 -0.3309
2
1.1630 -0.3922
2
1.2056 -0.4199
2
1.2056 -0.5000
2
1.1849 -0.0339
2
1.1862 0.0206
2
1.2378 0.1170
2
1.2395 0.0519
2
1.2810 0.1443
2
1.2801 0.2164
2
1.3089 0.2995
2
1.3091 0.2409
2
1.3609 0.3350
2
1.3605 0.3908
2
1.4147 0.4258
2
1.4145 0.5000
2
1.1762 -0.2101
2
1.1773 -0.1554
2
1.2380 -0.0695
2
1.2363 -0.1227
2
1.2232 -0.3005
2
1.2242 -0.2438
2
1.2687 -0.3325
2
1.2679 -0.3927
2
1.3043 -0.4191
2
1.3040 -0.5000
2
1.2940 0.0222
2
1.2929 -0.0376
2
1.3413 0.0507
2
1.3421 0.1184
2
1.3830 0.2129
2
1.3819 0.1442
2
1.4210 0.2404
2
1.4214 0.3010
2
1.4725 0.3344
2
1.4724 0.3915
2
1.5265 0.4259
2
1.5264 0.5000
2
1.2878 -0.1595
2
1.2853 -0.2122
2
1.3459 -0.1278
2
1.3492 -0.0725
2
1.3301 -0.3026
2
1.3339 -0.2494
2
1.3781 -0.3408
2
1.3732 -0.3951
2
1.4026 -0.4234
2
1.3968 -0.5000
2
1.3983 -0.0437
2
1.4014 0.0209
2
1.4457 0.1167
2
1.4434 0.0464
2
1.4860 0.2111
2
1.4863 0.1422
2
1.5314 0.2410
2
1.5310 0.3015
2
1.5836 0.3350
2
1.5833 0.3918
2
1.6382 0.4263
2
1.6381 0.5000
2
1.4600 -0.0781
2
1.4003 -0.1673
2
1.3944 -0.2199
2
1.4542 -0.1393
2
1.4357 -0.3134
2
1.4464 -0.2634
2
1.5000 -0.3730
2
1.4778 -0.4087
2
1.5050 -0.5000
2
1.5018 -0.0536
2
1.5066 0.0175
2
1.5442 0.1174
2
1.5478 0.0418
2
1.5923 0.1470
2
1.5902 0.2112
2
1.6414 0.2441
2
1.6405 0.3020
2
1.6948 0.3366
2
1.6945 0.3919
2
1.7498 0.4269
2
1.7498 0.5000
2
1.5690 -0.0855
2
1.5607 -0.1557
2
1.5112 -0.1783
2
1.5006 -0.2414
2
1.5526 -0.2815
2
1.5216 -0.3669
2
1.5823 -0.3986
2
1.5688 -0.5000
2
1.6113 -0.0607
2
1.5965 0.0235
2
1.6430 -0.0690
2
1.6460 0.1203
2
1.6509 0.0563
2
1.6978 0.2126
2
1.6997 0.1544
2
1.7519 0.2474
2
1.7512 0.3026
2
1.8063 0.3378
2
1.8062 0.3920
2
1.8615 0.4270
2
1.8615 0.5000
2
1.6799 -0.1401
2
1.6653 -0.1760
2
1.6181 -0.1928
2
1.5994 -0.2718
2
1.6349 -0.3007
2
1.6270 -0.3832
2
1.6711 -0.4078
2
1.6661 -0.5000
2
1.7006 0.0306
2
1.7068 -0.0233
2
1.7543 -0.1182
2
1.7573 -0.0528
2
1.7543 0.1236
2
1.7567 0.0678
2
1.8082 0.2138
2
1.8090 0.1588
2
1.8630 0.2488
2
1.8630 0.3028
2
1.9179 0.3377
2
1.9183 0.3919
2
1.9728 0.4262
2
1.9730 0.5000
2
1.7898 -0.1481
2
1.7866 -0.2066
2
1.7221 -0.2371
2
1.7116 -0.2858
2
1.7333 -0.3137
2
1.7147 -0.3927
2
1.7668 -0.4242
2
1.7655 -0.5000
2
1.8109 0.0364
2
1.8098 -0.0259
2
1.8583 -0.0558
2
1.8576 -0.1208
2
1.8646 0.1255
2
1.8640 0.0668
2
1.9195 0.2138
2
1.9187 0.1579
2
1.9751 0.3021
2
1.9741 0.2474
2
2.0291 0.3356
2
2.0301 0.3913
2
2.0830 0.4242
2
2.0836 0.5000
2
1.8994 -0.1508
2
1.8367 -0.2446
2
1.9007 -0.2041
2
1.8380 -0.2935
2
1.8097 -0.3208
2
1.8186 -0.3956
2
1.8641 -0.4159
2
1.8668 -0.5000
2
1.9164 0.0348
2
1.9157 -0.0270
2
1.9633 -0.0576
2
1.9637 -0.1173
2
1.9724 0.0656
2
1.9733 0.1238
2
2.0305 0.2116
2
2.0291 0.1561
2
2.0871 0.2997
2
2.0851 0.2445
2
2.1393 0.3317
2
2.1410 0.3903
2
2.1915 0.4210
2
2.1922 0.5000
2
2.0117 -0.1496
2
1.9541 -0.2401
2
2.0117 -0.2049
2
1.9538 -0.2937
2
1.9119 -0.3238
2
1.9113 -0.3897
2
1.9629 -0.4161
2
1.9627 -0.5000
2
2.0236 0.0327
2
2.0231 -0.0263
2
2.0708 -0.1170
2
2.0713 -0.0583
2
2.0833 0.1205
2
2.0819 0.0647
2
2.1428 0.2071
2
2.1401 0.1534
2
2.1957 0.2389
2
2.1990 0.2961
2
2.2478 0.3256
2
2.2498 0.3894
2
2.2978 0.4178
2
2.2986 0.5000
2
2.1220 -0.1502
2
2.0661 -0.2397
2
2.1209 -0.2070
2
2.0152 -0.3266
2
2.0651 -0.2953
2
2.0146 -0.3893
2
2.0603 -0.4164
2
2.0605 -0.5000
2
2.1317 -0.0270
2
2.1328 0.0299
2
2.1785 -0.0596
2
2.1775 -0.1193
2
2.4026 0.5000
2
2.1959 0.1144
2
2.1930 0.0626
2
2.2570 0.1998
2
2.2517 0.1468
2
2.3083 0.2929
2
2.3046 0.2281
2
2.3541 0.3197
2
2.3564 0.3881
2
2.4016 0.4143
2
2.5037 0.5000
2
2.2301 -0.1516
2
2.2297 -0.2095
2
2.1768 -0.2420
2
2.1218 -0.3293
2
2.1756 -0.2961
2
2.1215 -0.3892
2
2.1561 -0.4140
2
2.1565 -0.5000
2
2.2417 -0.0290
2
2.2444 0.0235
2
2.2836 -0.0624
2
2.2830 -0.1209
2
2.4607 0.3868
2
2.5033 0.4113
2
2.3065 0.0568
2
2.3142 0.1005
2
2.3673 0.1942
2
2.3615 0.1274
2
2.4109 0.2193
2
2.4147 0.2892
2
2.4586 0.3143
2
2.6027 0.5000
2
2.5623 0.3866
2
2.6030 0.4117
2
2.3354 -0.1511
2
2.3423 -0.2028
2
2.2856 -0.2421
2
2.2329 -0.3327
2
2.2882 -0.2965
2
2.2323 -0.3915
2
2.2495 -0.4075
2
2.2459 -0.5000
2
2.7004 0.5000
2
2.7922 0.5000
2
2.3669 -0.0035
2
2.3585 -0.0310
2
2.3988 -0.1024
2
2.5634 0.3120
2
2.5185 0.2860
2
2.4182 0.0224
2
2.4252 0.0930
2
2.4689 0.1174
2
2.4731 0.1883
2
2.5164 0.2133
2
2.6666 0.3872
2
2.7007 0.4122
2
2.6692 0.3206
2
2.6172 0.2884
2
2.4293 -0.1096
2
2.4499 -0.1912
2
2.3918 -0.2283
2
2.3433 -0.3276
2
2.3988 -0.2905
2
2.3470 -0.3918
2
2.3336 -0.4051
2
2.3384 -0.5000
2
2.8872 0.5000
2
2.7777 0.3902
2
2.7967 0.4090
2
2.8839 0.4059
2
2.4778 -0.0105
2
2.4768 -0.0782
2
2.5773 0.1851
2
2.6242 0.2138
2
2.5297 0.0198
2
2.5309 0.0861
2
2.5767 0.1147
2
2.7806 0.3324
2
2.7232 0.2927
2
2.7292 0.2344
2
2.6705 0.1961
2
2.5408 -0.1070
2
2.4939 -0.2070
2
2.5402 -0.1796
2
2.5020 -0.2850
2
2.4510 -0.3157
2
2.4546 -0.3868
2
2.4256 -0.4084
2
2.4266 -0.5000
2
2.9795 0.5000
2
2.8963 0.3931
2
2.9794 0.4147
2
2.8368 0.2978
2
2.8956 0.3373
2
2.5866 -0.0791
2
2.5877 -0.0121
2
2.6890 0.1170
2
2.6414 0.0850
2
2.6405 0.0184
2
2.7227 0.1085
2
2.7801 0.2065
2
2.8390 0.2483
2
2.7862 0.1587
2
2.6470 -0.1096
2
2.5999 -0.2064
2
2.6426 -0.1828
2
2.5542 -0.3065
2
2.5975 -0.2824
2
2.5557 -0.3854
2
2.5192 -0.4077
2
2.5197 -0.5000
2
3.0785 0.5000
2
3.0114 0.3891
2
3.0786 0.4172
2
3.0106 0.3318
2
2.9526 0.2972
2
2.9505 0.2460
2
2.8953 0.2127
2
2.6987 -0.0146
2
2.6915 -0.0860
2
2.7517 0.0109
2
2.7603 0.0388
2
2.8938 0.1574
2
2.8377 0.0688
2
2.8390 0.1263
2
2.7527 -0.1199
2
2.7029 -0.2124
2
2.7464 -0.1890
2
2.6564 -0.3089
2
2.6986 -0.2859
2
2.6539 -0.3857
2
2.6149 -0.4075
2
2.6144 -0.5000
2
3.1805 0.5000
2
3.1217 0.3887
2
3.1802 0.4168
2
3.0647 0.2954
2
3.1205 0.3260
2
3.0619 0.2388
2
3.0064 0.2079
2
2.9463 0.1224
2
3.0030 0.1525
2
2.8096 -0.0492
2
2.8013 -0.0942
2
2.9435 0.0647
2
2.8741 -0.0171
2
2.8775 0.0349
2
2.8604 -0.1395
2
2.8542 -0.1955
2
2.8065 -0.2215
2
2.7578 -0.3144
2
2.8021 -0.2900
2
2.7550 -0.3873
2
2.7126 -0.4108
2
2.7114 -0.5000
2
3.2830 0.5000
2
3.2284 0.3882
2
3.2825 0.4153
2
3.2269 0.3213
2
3.1736 0.2932
2
3.1707 0.2304
2
3.1171 0.2017
2
3.0560 0.1149
2
3.1127 0.1447
2
3.0521 0.0598
2
2.9892 0.0293
2
2.9186 -0.1092
2
2.9224 -0.0566
2
2.9863 -0.0252
2
2.9692 -0.1472
2
2.9656 -0.2042
2
2.9122 -0.2328
2
2.9080 -0.2943
2
2.8607 -0.3208
2
2.8580 -0.3889
2
2.8125 -0.4145
2
2.8115 -0.5000
2
3.3850 0.5000
2
3.3326 0.3876
2
3.3850 0.4140
2
3.3314 0.3172
2
3.2798 0.2907
2
3.2769 0.2232
2
3.2257 0.1965
2
3.1682 0.1053
2
3.2212 0.1328
2
3.1621 0.0514
2
3.1016 0.0211
2
3.0975 -0.0311
2
3.0338 -0.0623
2
3.0309 -0.1169
2
3.0771 -0.1523
2
3.0741 -0.2107
2
3.0189 -0.2396
2
3.0158 -0.2993
2
2.9656 -0.3278
2
2.9631 -0.3906
2
2.9150 -0.4183
2
2.9140 -0.5000
2
3.4873 0.5000
2
3.4344 0.3878
2
3.4877 0.4150
2
3.3835 0.2887
2
3.4353 0.3151
2
3.3817 0.2175
2
3.3316 0.1918
2
3.2775 0.0978
2
3.3276 0.1232
2
3.2176 0.0065
2
3.2713 0.0325
2
3.2091 -0.0404
2
3.1462 -0.0711
2
3.1421 -0.1230
2
3.1832 -0.1583
2
3.1255 -0.2447
2
3.1803 -0.2158
2
3.0721 -0.3332
2
3.1232 -0.3034
2
3.0703 -0.3922
2
3.0200 -0.4223
2
3.0190 -0.5000
2
3.5905 0.5000
2
3.5374 0.3882
2
3.5910 0.4165
2
3.5384 0.3190
2
3.4836 0.2903
2
3.4870 0.2160
2
3.4348 0.1890
2
3.3833 0.0912
2
3.4332 0.1170
2
3.3256 -0.0023
2
3.3788 0.0210
2
3.3169 -0.0745
2
3.2672 -0.0976
2
3.2571 -0.1298
2
3.2996 -0.2023
2
3.2296 -0.2479
2
3.1793 -0.3368
2
3.2338 -0.3011
2
3.1801 -0.3921
2
3.1269 -0.4254
2
3.1268 -0.5000
2
3.6947 0.5000
2
3.6414 0.3890
2
3.6952 0.4183
2
3.5882 0.2916
2
3.6428 0.3217
2
3.5317 0.1946
2
3.5899 0.2267
2
3.4877 0.0884
2
3.5414 0.1190
2
3.4882 0.0163
2
3.4259 -0.0088
2
3.3764 -0.1075
2
3.4223 -0.0820
2
3.3180 -0.2073
2
3.3730 -0.1765
2
3.3419 -0.2922
2
3.2850 -0.3284
2
3.2900 -0.3902
2
3.2345 -0.4239
2
3.2355 -0.5000
2
3.7999 0.5000
2
3.9058 0.5000
2
3.7466 0.3898
2
3.8003 0.4199
2
3.7477 0.3250
2
3.6938 0.2941
2
3.6960 0.2292
2
3.6420 0.1961
2
3.5821 0.1025
2
3.6430 0.1450
2
3.5220 -0.0057
2
3.5927 0.0124
2
3.6034 0.0331
2
3.4882 -0.1131
2
3.5212 -0.0928
2
3.4821 -0.1817
2
3.4288 -0.2065
2
3.3863 -0.3067
2
3.4253 -0.2836
2
3.3929 -0.3875
2
3.3400 -0.4166
2
3.3422 -0.5000
2
4.0124 0.5000
2
3.8524 0.3907
2
3.9061 0.4211
2
3.9586 0.3912
2
4.0127 0.4230
2
3.7999 0.2963
2
3.8532 0.3264
2
3.7489 0.2019
2
3.8008 0.2302
2
3.7493 0.1271
2
3.6900 0.0461
2
3.7025 0.1044
2
3.5833 -0.1091
2
3.6271 -0.0571
2
3.7200 0.0047
2
3.6789 -0.0622
2
3.6047 -0.1644
2
3.5321 -0.2163
2
3.5822 -0.2026
2
3.4946 -0.3098
2
3.5150 -0.2984
2
3.4850 -0.3891
2
3.4448 -0.4105
2
3.4434 -0.5000
2
4.1195 0.5000
2
4.0665 0.3917
2
4.1197 0.4233
2
3.9598 0.3304
2
3.9053 0.2975
2
4.0668 0.3326
2
4.0135 0.3000
2
3.8524 0.2018
2
3.9078 0.2372
2
3.7969 0.1044
2
3.8564 0.1461
2
3.7681 0.0010
2
3.8096 0.0449
2
3.7078 -0.1101
2
3.6774 -0.1648
2
3.7690 -0.1115
2
3.7997 -0.0665
2
3.7056 -0.2167
2
3.6617 -0.2803
2
3.5899 -0.3234
2
3.6349 -0.2807
2
3.5972 -0.3857
2
3.5482 -0.4194
2
3.5497 -0.5000
2
4.2270 0.5000
2
4.1738 0.3922
2
4.2261 0.4231
2
4.3315 0.5000
2
4.1220 0.3006
2
4.1738 0.3312
2
3.9625 0.2072
2
4.0148 0.2409
2
4.0697 0.2108
2
4.1210 0.2403
2
3.9645 0.1501
2
3.9142 0.1130
2
3.9158 0.0698
2
3.8717 0.0279
2
3.8667 -0.0663
2
3.8879 -0.0350
2
3.7634 -0.2217
2
3.7984 -0.1702
2
3.8588 -0.1731
2
3.8904 -0.1278
2
3.7899 -0.2750
2
3.7061 -0.3303
2
3.7653 -0.3194
2
3.6865 -0.3955
2
3.6575 -0.4115
2
3.6519 -0.5000
2
4.2828 0.3900
2
4.3321 0.4186
2
4.2798 0.3323
2
4.2276 0.3008
2
4.3836 0.3926
2
4.4368 0.4225
2
4.4369 0.5000
2
4.2289 0.2390
2
4.1755 0.2080
2
4.0254 0.1196
2
4.0691 0.1444
2
4.1745 0.1527
2
4.1234 0.1173
2
4.0195 0.0440
2
3.9890 0.0287
2
3.9688 -0.0350
2
3.9917 -0.0732
2
3.9581 -0.1335
2
3.8871 -0.2331
2
3.8598 -0.2760
2
3.9477 -0.2326
2
3.9817 -0.1807
2
3.8820 -0.3280
2
3.8108 -0.3898
2
3.8371 -0.3894
2
3.7664 -0.4353
2
3.7680 -0.5000
2
4.5425 0.5000
2
4.2750 0.2134
2
4.3418 0.2929
2
4.3873 0.3192
2
4.3345 0.2426
2
4.4337 0.3009
2
4.4900 0.3909
2
4.4900 0.3391
2
4.5426 0.4225
2
4.2432 0.1128
2
4.2793 0.1413
2
4.0749 0.0200
2
4.2403 0.0765
2
4.1297 0.0587
2
4.1776 0.0351
2
4.0559 -0.0788
2
4.0862 -0.0447
2
4.0449 -0.1879
2
4.0772 -0.1453
2
4.0649 -0.2387
2
3.9844 -0.2987
2
3.9477 -0.3411
2
4.0206 -0.2986
2
3.9598 -0.3980
2
3.8895 -0.4450
2
3.8873 -0.5000
2
4.6478 0.5000
2
4.5963 0.3927
2
4.6472 0.4187
2
4.3868 0.1933
2
4.3455 0.1259
2
4.4260 0.1971
2
4.4511 0.2324
2
4.5927 0.3191
2
4.5305 0.2333
2
4.5477 0.3008
2
4.2938 0.0226
2
4.3662 0.0831
2
4.3323 0.0269
2
4.1614 -0.0573
2
4.2570 -0.0385
2
4.1885 -0.0282
2
4.1737 -0.1280
2
4.1520 -0.1528
2
4.1633 -0.2213
2
4.1297 -0.2545
2
4.0698 -0.3557
2
4.1391 -0.3150
2
4.0661 -0.3878
2
4.0069 -0.4245
2
4.0102 -0.5000
2
4.7523 0.5000
2
4.6968 0.3903
2
4.7532 0.4236
2
4.6391 0.2931
2
4.7001 0.3326
2
4.6469 0.2419
2
4.5573 0.1962
2
4.4662 0.1304
2
4.4306 0.0779
2
4.5174 0.1304
2
4.5957 0.1932
2
4.4585 0.0229
2
4.3763 -0.0306
2
4.2807 -0.0879
2
4.3403 -0.0923
2
4.4275 -0.0282
2
4.2479 -0.1345
2
4.2349 -0.2385
2
4.2711 -0.1979
2
4.2462 -0.2980
2
4.1829 -0.3406
2
4.1890 -0.3937
2
4.1241 -0.4356
2
4.1228 -0.5000
2
4.8598 0.5000
2
4.8060 0.3925
2
4.8597 0.4239
2
4.8059 0.3326
2
4.7526 0.3017
2
4.7521 0.2399
2
4.7070 0.2139
2
4.7038 0.1417
2
4.6386 0.1244
2
4.6191 0.0833
2
4.5248 0.0220
2
4.5527 0.0778
2
4.5526 -0.0246
2
4.4646 -0.0870
2
4.5168 -0.0868
2
4.3338 -0.2049
2
4.4301 -0.1400
2
4.3686 -0.1375
2
4.3553 -0.2386
2
4.2956 -0.3232
2
4.3377 -0.3029
2
4.2933 -0.3938
2
4.2382 -0.4247
2
4.2389 -0.5000
2
4.9670 0.5000
2
4.9131 0.3922
2
4.9670 0.4240
2
4.8591 0.3012
2
4.9132 0.3334
2
4.8596 0.2430
2
4.8058 0.2101
2
4.7406 0.1144
2
4.8078 0.1533
2
4.6508 0.0286
2
4.7444 0.0714
2
4.6968 0.0242
2
4.6112 -0.0290
2
4.6390 -0.0812
2
4.5516 -0.1360
2
4.6119 -0.1328
2
4.5225 -0.1981
2
4.4617 -0.2013
2
4.4376 -0.2387
2
4.4565 -0.3013
2
4.4062 -0.3472
2
4.4074 -0.3874
2
4.3501 -0.4269
2
4.3515 -0.5000
2
5.0743 0.5000
2
5.0206 0.3923
2
5.0742 0.4236
2
5.0203 0.3325
2
4.9669 0.3015
2
4.9663 0.2416
2
4.9135 0.2113
2
4.8571 0.1209
2
4.9125 0.1507
2
4.8547 0.0611
2
4.8088 0.0356
2
4.7163 -0.0808
2
4.8015 -0.0291
2
4.7329 -0.0478
2
4.7338 -0.1238
2
4.6477 -0.1887
2
4.6934 -0.1869
2
4.6187 -0.2360
2
4.5561 -0.2415
2
4.5253 -0.3208
2
4.4640 -0.4247
2
4.5165 -0.3959
2
4.4613 -0.5000
2
5.1814 0.5000
2
5.1277 0.3920
2
5.1814 0.4232
2
5.1274 0.3318
2
5.0737 0.3009
2
5.0195 0.2100
2
5.0732 0.2404
2
5.0188 0.1491
2
4.9635 0.1190
2
4.9080 0.0289
2
4.9624 0.0582
2
4.8407 -0.0624
2
4.9066 -0.0328
2
4.8376 -0.1187
2
4.7997 -0.1439
2
4.7350 -0.2371
2
4.7993 -0.2223
2
4.7142 -0.2964
2
4.6551 -0.3038
2
4.6286 -0.3429
2
4.6356 -0.3887
2
4.5774 -0.4357
2
4.5791 -0.5000
2
5.2886 0.5000
2
5.2347 0.3918
2
5.2886 0.4230
2
5.1806 0.3003
2
5.2346 0.3313
2
5.1802 0.2396
2
5.1259 0.2090
2
5.1254 0.1481
2
5.0701 0.1176
2
5.0133 0.0266
2
5.0694 0.0567
2
5.0124 -0.0345
2
4.9517 -0.0648
2
4.8984 -0.1528
2
4.9502 -0.1238
2
4.8959 -0.2180
2
4.8282 -0.2434
2
4.7536 -0.3397
2
4.8289 -0.3092
2
4.7487 -0.3868
2
4.6923 -0.4203
2
4.6931 -0.5000
2
5.3959 0.5000
2
5.3419 0.3916
2
5.3959 0.4229
2
5.3418 0.3310
2
5.2875 0.2999
2
5.2873 0.2392
2
5.2327 0.2082
2
5.1769 0.1166
2
5.2324 0.1475
2
5.1199 0.0252
2
5.1764 0.0559
2
5.1194 -0.0354
2
5.0603 -0.0663
2
5.0596 -0.1260
2
5.0022 -0.1567
2
4.9369 -0.2478
2
5.0013 -0.2177
2
4.8689 -0.3404
2
4.9365 -0.3067
2
4.8692 -0.3928
2
4.8072 -0.4307
2
4.8053 -0.5000
2
5.5034 0.5000
2
5.4492 0.3915
2
5.5033 0.4229
2
5.4492 0.3309
2
5.3948 0.2996
2
5.3398 0.2078
2
5.3947 0.2390
2
5.3397 0.1472
2
5.2840 0.1160
2
5.2272 0.0243
2
5.2839 0.0556
2
5.1686 -0.0673
2
5.2270 -0.0357
2
5.1094 -0.1584
2
5.1684 -0.1264
2
5.0470 -0.2496
2
5.1092 -0.2171
2
5.0471 -0.3059
2
4.9836 -0.3410
2
4.9837 -0.3928
2
4.9225 -0.4305
2
4.9227 -0.5000
2
5.6110 0.5000
2
5.5567 0.3914
2
5.6111 0.4230
2
5.5022 0.2994
2
5.5568 0.3310
2
5.5022 0.2390
2
5.4473 0.2075
2
5.4473 0.1472
2
5.3917 0.1156
2
5.3916 0.0557
2
5.3351 0.0239
2
5.3351 -0.0356
2
5.2772 -0.0678
2
5.2184 -0.1590
2
5.2773 -0.1262
2
5.1580 -0.2501
2
5.2185 -0.2164
2
5.0972 -0.3406
2
5.1582 -0.3052
2
5.0974 -0.3929
2
5.0375 -0.4298
2
5.0376 -0.5000
2
5.7190 0.5000
2
5.6646 0.3913
2
5.7190 0.4232
2
5.6100 0.2994
2
5.6646 0.3312
2
5.6101 0.2392
2
5.5551 0.2074
2
5.4997 0.1155
2
5.5552 0.1474
2
5.4998 0.0559
2
5.4435 0.0237
2
5.3863 -0.0679
2
5.4436 -0.0352
2
5.3865 -0.1258
2
5.3283 -0.1591
2
5.3285 -0.2157
2
5.2693 -0.2499
2
5.2695 -0.3047
2
5.2101 -0.3401
2
5.2103 -0.3928
2
5.1515 -0.4293
2
5.1516 -0.5000
2
5.8273 0.5000
2
5.7727 0.3913
2
5.8274 0.4234
2
5.7180 0.2995
2
5.7728 0.3315
2
5.7182 0.2395
2
5.6632 0.2075
2
5.6081 0.1156
2
5.6634 0.1477
2
5.5523 0.0238
2
5.6082 0.0563
2
5.5525 -0.0348
2
5.4958 -0.0678
2
5.4385 -0.1589
2
5.4960 -0.1253
2
5.4388 -0.2151
2
5.3806 -0.2496
2
5.3226 -0.3396
2
5.3809 -0.3043
2
5.3227 -0.3927
2
5.2648 -0.4287
2
5.2649 -0.5000
2
5.9360 0.5000
2
5.8811 0.3914
2
5.9361 0.4238
2
5.8263 0.2996
2
5.8813 0.3319
2
5.7716 0.2077
2
5.8265 0.2399
2
5.7718 0.1481
2
5.7167 0.1158
2
5.7169 0.0566
2
5.6614 0.0240
2
5.6616 -0.0344
2
5.6056 -0.0675
2
5.5490 -0.1586
2
5.6057 -0.1248
2
5.5492 -0.2147
2
5.4920 -0.2491
2
5.4347 -0.3391
2
5.4922 -0.3039
2
5.4348 -0.3926
2
5.3775 -0.4283
2
5.3776 -0.5000
2
6.0452 0.5000
2
5.9899 0.3915
2
6.0453 0.4243
2
5.9901 0.3326
2
5.9348 0.2999
2
5.8801 0.2081
2
5.9352 0.2405
2
5.8254 0.1161
2
5.8804 0.1486
2
5.8257 0.0570
2
5.7707 0.0242
2
5.7709 -0.0341
2
5.7155 -0.0673
2
5.7156 -0.1245
2
5.6597 -0.1583
2
5.6598 -0.2143
2
5.6033 -0.2488
2
5.5466 -0.3387
2
5.6035 -0.3036
2
5.5468 -0.3925
2
5.4899 -0.4280
2
5.4900 -0.5000
2
6.1550 0.5000
2
6.0992 0.3915
2
6.1550 0.4249
2
6.0995 0.3334
2
6.0437 0.3004
2
6.0441 0.2414
2
5.9887 0.2087
2
5.9342 0.1166
2
5.9891 0.1492
2
5.9345 0.0573
2
5.8800 0.0246
2
5.8256 -0.0670
2
5.8802 -0.0338
2
5.7704 -0.1581
2
5.8257 -0.1242
2
5.7147 -0.2485
2
5.7705 -0.2141
2
5.7148 -0.3034
2
5.6585 -0.3384
2
5.6586 -0.3924
2
5.6022 -0.4277
2
5.6022 -0.5000
2
6.2654 0.5000
2
6.2092 0.3915
2
6.2652 0.4251
2
6.2093 0.3342
2
6.1529 0.3008
2
6.0973 0.2095
2
6.1533 0.2424
2
6.0978 0.1500
2
6.0428 0.1174
2
5.9892 0.0252
2
6.0432 0.0577
2
5.9894 -0.0337
2
5.9356 -0.0668
2
5.9357 -0.1241
2
5.8813 -0.1579
2
5.8261 -0.2484
2
5.8813 -0.2139
2
5.7704 -0.3382
2
5.8262 -0.3033
2
5.7704 -0.3923
2
5.7143 -0.4276
2
5.7143 -0.5000
2
6.3759 0.5000
2
6.3201 0.3910
2
6.3755 0.4240
2
6.3195 0.3342
2
6.2628 0.3009
2
6.2060 0.2103
2
6.2628 0.2434
2
6.2066 0.1510
2
6.1510 0.1185
2
6.1516 0.0583
2
6.0980 0.0260
2
6.0457 -0.0664
2
6.0983 -0.0335
2
6.0458 -0.1240
2
5.9923 -0.1578
2
5.9923 -0.2138
2
5.9377 -0.2483
2
5.8824 -0.3382
2
5.9378 -0.3031
2
5.8824 -0.3922
2
5.8265 -0.4275
2
5.8265 -0.5000
2
6.4857 0.5000
2
6.4310 0.3902
2
6.4851 0.4217
2
6.3742 0.2992
2
6.4296 0.3312
2
6.3725 0.2430
2
6.3155 0.2103
2
6.2589 0.1197
2
6.3154 0.1521
2
6.2595 0.0591
2
6.2060 0.0272
2
6.1557 -0.0658
2
6.2065 -0.0332
2
6.1034 -0.1576
2
6.1560 -0.1236
2
6.0496 -0.2483
2
6.1036 -0.2134
2
6.0497 -0.3029
2
5.9946 -0.3382
2
5.9947 -0.3920
2
5.9389 -0.4275
2
5.9389 -0.5000
2
6.5943 0.5000
2
6.5406 0.3890
2
6.5935 0.4185
2
6.4852 0.2963
2
6.5384 0.3256
2
6.4819 0.2361
2
6.4275 0.2062
2
6.3669 0.1198
2
6.4239 0.1514
2
6.3128 0.0288
2
6.3668 0.0602
2
6.2657 -0.0649
2
6.3136 -0.0325
2
6.2148 -0.1571
2
6.2665 -0.1221
2
6.1617 -0.2479
2
6.2155 -0.2121
2
6.1071 -0.3380
2
6.1622 -0.3021
2
6.1074 -0.3917
2
6.0514 -0.4275
2
6.0515 -0.5000
2
6.7014 0.5000
2
6.6481 0.3876
2
6.7006 0.4153
2
6.5937 0.2924
2
6.6457 0.3188
2
6.5889 0.2249
2
6.5381 0.2000
2
6.5308 0.1361
2
6.4799 0.1110
2
6.4722 0.0596
2
6.4180 0.0298
2
6.3765 -0.0632
2
6.4186 -0.0303
2
6.3790 -0.1168
2
6.3268 -0.1555
2
6.3292 -0.2080
2
6.2741 -0.2463
2
6.2196 -0.3369
2
6.2757 -0.2998
2
6.2205 -0.3910
2
6.1640 -0.4270
2
6.1643 -0.5000
2
6.8074 0.5000
2
6.7535 0.3861
2
6.8070 0.4135
2
6.7520 0.3141
2
6.6984 0.2883
2
6.6425 0.1924
2
6.6947 0.2148
2
6.6341 0.1150
2
6.5875 0.0991
2
6.5666 0.0159
2
6.5342 0.0092
2
6.4924 -0.0607
2
6.5019 -0.0926
2
6.4400 -0.1500
2
6.3863 -0.2411
2
6.4473 -0.1968
2
6.3906 -0.2949
2
6.3317 -0.3334
2
6.3338 -0.3896
2
6.2762 -0.4253
2
6.2769 -0.5000
2
6.9133 0.5000
2
6.8588 0.3851
2
6.9130 0.4129
2
6.8583 0.3130
2
6.8021 0.2855
2
6.7423 0.1863
2
6.8014 0.2133
2
6.7417 0.1130
2
6.6784 0.0870
2
6.6101 -0.0141
2
6.6782 0.0125
2
6.6109 -0.0859
2
6.5504 -0.1169
2
6.5574 -0.1908
2
6.4966 -0.2242
2
6.4423 -0.3249
2
6.5013 -0.2914
2
6.4446 -0.3885
2
6.3871 -0.4216
2
6.3879 -0.5000
2
7.0191 0.5000
2
6.9651 0.3845
2
7.0193 0.4123
2
6.9645 0.3122
2
6.9084 0.2844
2
6.8483 0.1850
2
6.9078 0.2129
2
6.7839 0.0860
2
6.8479 0.1130
2
6.7188 -0.0142
2
6.7838 0.0131
2
6.7189 -0.0855
2
6.6600 -0.1145
2
6.6605 -0.1856
2
6.6039 -0.2149
2
6.5503 -0.3181
2
6.6072 -0.2876
2
6.5526 -0.3872
2
6.4961 -0.4181
2
6.4970 -0.5000
2
7.1255 0.5000
2
7.0704 0.3850
2
7.1262 0.4142
2
7.0158 0.2832
2
7.0718 0.3117
2
6.9561 0.1837
2
7.0151 0.2122
2
6.9554 0.1126
2
6.8902 0.0856
2
6.8898 0.0127
2
6.8262 -0.0142
2
6.7670 -0.1141
2
6.8258 -0.0863
2
6.7112 -0.2136
2
6.7667 -0.1856
2
6.6569 -0.3138
2
6.7112 -0.2856
2
6.6581 -0.3860
2
6.6034 -0.4150
2
6.6041 -0.5000
2
7.2337 0.5000
2
7.1772 0.3860
2
7.2346 0.4178
2
7.1206 0.2857
2
7.1798 0.3175
2
7.1251 0.2119
2
7.0655 0.1819
2
7.0644 0.1108
2
6.9965 0.0849
2
6.9326 -0.0148
2
6.9951 0.0107
2
6.9311 -0.0882
2
6.8733 -0.1147
2
6.8721 -0.1870
2
6.8172 -0.2141
2
6.7631 -0.3136
2
6.8164 -0.2861
2
6.7628 -0.3856
2
6.7097 -0.4135
2
6.7099 -0.5000
2
7.3442 0.5000
2
7.2882 0.3868
2
7.3450 0.4225
2
7.2317 0.2884
2
7.2909 0.3303
2
7.1762 0.1851
2
7.2375 0.2404
2
7.1845 0.1529
2
7.1089 0.0788
2
7.1416 0.0850
2
7.0406 -0.0186
2
7.0858 -0.0037
2
6.9800 -0.1174
2
7.0302 -0.0963
2
6.9235 -0.2161
2
6.9748 -0.1915
2
6.8691 -0.3148
2
6.9208 -0.2883
2
6.8679 -0.3862
2
6.8157 -0.4138
2
6.8154 -0.5000
2
7.4562 0.5000
2
7.5663 0.5000
2
7.6744 0.5000
2
7.7803 0.5000
2
7.4028 0.3889
2
7.4558 0.4217
2
7.4023 0.3298
2
7.3508 0.2960
2
7.3011 0.2050
2
7.3505 0.2394
2
7.3003 0.1488
2
7.2605 0.1195
2
7.2033 0.0315
2
7.2574 0.0594
2
7.1434 -0.0425
2
7.1936 -0.0190
2
7.0854 -0.1299
2
7.1339 -0.1070
2
7.0298 -0.2229
2
7.0784 -0.1986
2
6.9758 -0.3185
2
7.0254 -0.2922
2
6.9735 -0.3875
2
6.9222 -0.4155
2
6.9215 -0.5000
2
7.5141 0.3887
2
7.5656 0.4189
2
7.6219 0.3879
2
7.6740 0.4161
2
7.7255 0.3879
2
7.7834 0.4166
2
7.8209 0.3948
2
7.8905 0.4235
2
7.8967 0.5000
2
8.0000 0.5000
2
7.5123 0.3250
2
7.4641 0.2953
2
7.4613 0.2334
2
7.4139 0.2042
2
7.3673 0.1149
2
7.4102 0.1417
2
7.3628 0.0517
2
7.3112 0.0241
2
7.3064 -0.0337
2
7.2503 -0.0626
2
7.1913 -0.1445
2
7.2439 -0.1174
2
7.1854 -0.2067
2
7.1366 -0.2330
2
7.1319 -0.2974
2
7.0837 -0.3249
2
7.0809 -0.3892
2
7.0299 -0.4186
2
7.0289 -0.5000
2
7.5743 0.2920
2
7.6199 0.3192
2
7.6827 0.2884
2
7.7253 0.3147
2
7.7896 0.2884
2
7.8298 0.3186
2
7.8947 0.3021
2
7.9336 0.3838
2
8.0000 0.3873
2
7.5707 0.2258
2
7.5230 0.1990
2
7.4750 0.1074
2
7.5179 0.1321
2
7.4205 0.0160
2
7.4687 0.0411
2
7.3614 -0.0730
2
7.4138 -0.0461
2
7.2992 -0.1567
2
7.3550 -0.1278
2
7.2442 -0.2425
2
7.2943 -0.2145
2
7.1938 -0.3325
2
7.2401 -0.3035
2
7.1910 -0.3911
2
7.1398 -0.4230
2
7.1387 -0.5000
2
7.6288 0.1932
2
7.6802 0.2192
2
7.7936 0.2172
2
7.7302 0.1898
2
7.8245 0.1978
2
7.9135 0.2713
2
7.8902 0.2135
2
8.0000 0.2690
2
7.5818 0.0985
2
7.6237 0.1214
2
7.5745 0.0280
2
7.5277 0.0058
2
7.4728 -0.0852
2
7.5181 -0.0638
2
7.4114 -0.1708
2
7.4617 -0.1473
2
7.3515 -0.2506
2
7.4020 -0.2223
2
7.3065 -0.3397
2
7.3483 -0.3094
2
7.3048 -0.3925
2
7.2528 -0.4282
2
7.2518 -0.5000
2
7.7278 0.1134
2
7.6870 0.0904
2
7.7933 0.0862
2
7.8270 0.1081
2
7.8901 0.0933
2
7.9332 0.1578
2
8.0000 0.1581
2
7.6816 0.0164
2
7.6303 -0.0054
2
7.6207 -0.0822
2
7.5782 -0.0997
2
7.5216 -0.1906
2
7.5623 -0.1794
2
7.4885 -0.2743
2
7.4216 -0.3436
2
7.4720 -0.2773
2
7.4293 -0.3827
2
7.3677 -0.4312
2
7.3706 -0.5000
2
7.7912 0.0107
2
7.7290 -0.0131
2
7.8267 -0.0137
2
7.8896 0.0000
2
7.9133 0.0467
2
8.0000 0.0464
2
7.6770 -0.1138
2
7.7247 -0.0896
2
7.6076 -0.2107
2
7.6732 -0.1863
2
7.5414 -0.3105
2
7.6046 -0.2845
2
7.5391 -0.3823
2
7.4804 -0.4108
2
7.4824 -0.5000
2
7.7890 -0.1211
2
7.8210 -0.1022
2
7.8883 -0.1209
2
7.9316 -0.0641
2
8.0000 -0.0649
2
7.7824 -0.1917
2
7.7137 -0.2155
2
7.6516 -0.3150
2
7.7102 -0.2878
2
7.6498 -0.3843
2
7.5896 -0.4128
2
7.5886 -0.5000
2
7.8199 -0.2233
2
7.9091 -0.1758
2
7.8908 -0.2072
2
8.0000 -0.1745
2
7.7643 -0.3209
2
7.8108 -0.2960
2
7.7610 -0.3859
2
7.6972 -0.4147
2
7.6964 -0.5000
2
7.8797 -0.3317
2
7.9255 -0.2840
2
8.0000 -0.2897
2
7.8854 -0.3836
2
7.8033 -0.4171
2
7.8043 -0.5000
2
7.9041 -0.3991
2
8.0000 -0.3909
2
7.9058 -0.5000
2
8.0000 -0.5000
16
0
1294 1316 1317 1315 1293 1292 
1.00
16
0
1510 1534 1533 1531 1509 1508 
1.00
16
0
190 208 210 213 211 191 
1.00
16
0
1533 1553 1552 1550 1532 1531 
1.00
16
0
1064 1086 1087 1084 1063 1062 
1.00
16
0
120 140 143 142 125 121 
1.00
16
0
460 485 484 483 470 459 
1.00
16
0
897 900 896 893 871 872 
1.00
16
0
1488 1489 1490 1462 1461 1460 
1.00
16
0
1536 1538 1539 1517 1515 1516 
1.00
16
0
254 275 277 276 257 255 
1.00
16
0
1579 1589 1588 1586 1578 1577 
1.00
16
0
1496 1513 1514 1489 1488 1487 
1.00
15
0
714 734 735 712 711 
1.00
16
0
1249 1270 1271 1268 1247 1246 
1.00
16
0
225 226 247 246 244 224 
1.00
17
0
684 704 705 702 681 682 683 
1.00
16
0
1479 1504 1505 1502 1476 1477 
1.00
16
0
1250 1273 1272 1270 1249 1248 
1.00
16
0
1522 1537 1536 1516 1514 1513 
1.00
16
0
1030 1052 1053 1051 1028 1029 
1.00
16
0
43 44 65 64 62 42 
1.00
16
0
1430 1456 1455 1453 1429 1428 
1.00
15
0
1569 1581 1580 1567 1568 
1.00
16
0
1074 1097 1096 1094 1073 1072 
1.00
16
0
1264 1287 1286 1284 1262 1263 
1.00
16
0
1214 1237 1236 1234 1212 1213 
1.00
16
0
593 614 613 611 590 589 
1.00
16
0
1087 1109 1108 1107 1085 1084 
1.00
16
0
274 295 297 296 277 275 
1.00
16
0
1168 1190 1191 1189 1166 1167 
1.00
17
0
28 29 30 49 48 46 27 
1.00
16
0
432 453 455 456 434 433 
1.00
15
0
73 95 94 93 72 
1.00
16
0
157 158 178 179 174 156 
1.00
16
0
1368 1387 1388 1385 1365 1366 
1.00
16
0
1124 1147 1146 1145 1123 1122 
1.00
15
0
559 581 580 557 558 
1.00
16
0
1545 1561 1562 1556 1543 1544 
1.00
15
0
31 51 50 49 30 
1.00
16
0
730 755 754 752 729 728 
1.00
16
0
550 566 565 564 542 541 
1.00
16
0
1261 1282 1283 1280 1259 1258 
1.00
16
0
1277 1299 1298 1297 1275 1274 
1.00
15
0
282 303 304 305 283 
1.00
16
0
800 824 823 822 796 795 
1.00
16
0
678 698 699 696 675 676 
1.00
16
0
986 1009 1008 1006 983 984 
1.00
16
0
1150 1173 1172 1171 1149 1148 
1.00
16
0
1208 1231 1230 1228 1207 1206 
1.00
17
0
488 489 513 512 510 487 486 
1.00
15
0
1071 1092 1093 1091 1069 
1.00
16
0
1088 1111 1110 1109 1087 1086 
1.00
16
0
266 268 288 289 285 267 
1.00
16
0
170 188 192 193 172 171 
1.00
17
0
822 823 849 850 845 820 821 
1.00
15
0
1461 1462 1463 1436 1435 
1.00
16
0
576 598 597 596 592 574 
1.00
16
0
997 1020 1021 1019 996 995 
1.00
15
0
355 377 376 375 354 
1.00
16
0
1187 1209 1208 1206 1184 1185 
1.00
16
0
423 425 444 445 427 422 
1.00
16
0
824 828 851 852 849 823 
1.00
16
0
1123 1145 1144 1143 1121 1120 
1.00
15
0
1512 1535 1534 1510 1511 
1.00
16
0
1578 1586 1587 1582 1575 1576 
1.00
16
0
837 839 841 840 812 811 
1.00
15
0
210 231 233 232 213 
1.00
16
0
244 246 266 267 262 245 
1.00
16
0
464 465 488 486 463 462 
1.00
15
0
1432 1457 1456 1430 1431 
1.00
15
0
466 490 489 488 465 
1.00
17
0
1322 1323 1344 1343 1341 1320 1321 
1.00
16
0
385 405 407 406 387 384 
1.00
16
0
1442 1471 1470 1469 1439 1440 
1.00
16
0
592 596 615 616 594 591 
1.00
16
0
332 333 353 352 351 331 
1.00
16
0
404 422 427 426 407 405 
1.00
16
0
1066 1089 1088 1086 1064 1065 
1.00
15
0
804 832 830 803 802 
1.00
15
0
647 669 668 645 646 
1.00
16
0
1389 1410 1409 1407 1388 1387 
1.00
15
0
1024 1046 1045 1022 1023 
1.00
15
0
929 953 952 951 927 
1.00
16
0
1530 1551 1549 1547 1528 1527 
1.00
16
0
487 510 511 509 484 485 
1.00
16
0
1241 1263 1262 1260 1238 1239 
1.00
16
0
1238 1260 1261 1258 1236 1237 
1.00
15
0
518 539 540 538 515 
1.00
16
0
894 920 918 917 895 891 
1.00
16
0
118 132 141 140 120 119 
1.00
16
0
71 72 93 92 90 70 
1.00
16
0
881 905 904 902 878 879 
1.00
15
0
1310 1331 1330 1308 1309 
1.00
15
0
1438 1458 1459 1434 1433 
1.00
16
0
209 229 230 231 210 208 
1.00
16
0
922 923 921 919 896 900 
1.00
16
0
777 775 774 771 749 751 
1.00
15
0
10 28 27 26 9 
1.00
16
0
525 546 545 529 522 521 
1.00
15
0
238 259 260 261 239 
1.00
16
0
1307 1328 1327 1325 1304 1305 
1.00
16
0
556 577 578 575 554 553 
1.00
16
0
876 901 898 874 875 873 
1.00
15
0
249 271 270 269 248 
1.00
16
0
916 940 941 939 914 915 
1.00
16
0
424 436 447 446 444 425 
1.00
15
0
1005 1026 1027 1025 1003 
1.00
16
0
1128 1151 1150 1148 1127 1126 
1.00
16
0
1211 1233 1232 1231 1208 1209 
1.00
15
0
780 806 805 778 779 
1.00
16
0
131 134 152 153 133 130 
1.00
16
0
395 418 417 415 394 393 
1.00
16
0
1416 1440 1439 1437 1414 1413 
1.00
16
0
236 256 258 259 238 237 
1.00
16
0
1365 1385 1386 1383 1363 1364 
1.00
17
0
846 870 872 871 864 844 843 
1.00
15
0
1592 1593 1585 1583 1584 
1.00
16
0
133 153 154 155 141 132 
1.00
16
0
652 674 673 671 650 649 
1.00
16
0
185 199 207 206 187 184 
1.00
17
0
1575 1582 1584 1583 1572 1571 1570 
1.00
15
0
8 24 23 22 7 
1.00
16
0
1257 1278 1279 1276 1254 1255 
1.00
16
0
1343 1364 1363 1361 1342 1341 
1.00
16
0
1429 1453 1454 1451 1427 1426 
1.00
16
0
141 155 163 162 143 140 
1.00
16
0
587 610 609 608 586 585 
1.00
16
0
444 446 467 468 450 445 
1.00
16
0
1326 1346 1345 1344 1323 1324 
1.00
16
0
708 731 730 728 706 707 
1.00
15
0
1535 1554 1553 1533 1534 
1.00
16
0
308 311 330 329 309 307 
1.00
16
0
438 461 460 459 447 436 
1.00
16
0
230 251 253 252 233 231 
1.00
15
0
172 193 194 195 173 
1.00
15
0
1334 1353 1354 1352 1332 
1.00
16
0
923 947 948 946 945 921 
1.00
16
0
952 976 975 949 950 951 
1.00
16
0
234 255 257 256 236 235 
1.00
16
0
1358 1377 1378 1375 1355 1356 
1.00
16
0
938 963 962 961 937 936 
1.00
16
0
528 549 550 541 526 527 
1.00
17
0
857 883 882 880 856 854 855 
1.00
16
0
612 633 634 632 609 610 
1.00
16
0
96 110 118 119 99 97 
1.00
16
0
394 415 416 414 403 392 
1.00
16
0
203 204 225 224 222 202 
1.00
16
0
300 320 321 322 302 301 
1.00
16
0
417 439 440 437 416 415 
1.00
16
0
688 709 708 707 687 686 
1.00
16
0
41 52 53 35 34 32 
1.00
15
0
1394 1413 1414 1412 1392 
1.00
16
0
1501 1524 1523 1521 1499 1498 
1.00
16
0
767 792 791 787 765 764 
1.00
15
0
831 858 857 855 829 
1.00
15
0
482 503 504 491 480 
1.00
15
0
1421 1445 1446 1444 1419 
1.00
16
0
551 573 571 566 550 549 
1.00
15
0
139 161 160 159 138 
1.00
16
0
1226 1248 1249 1246 1225 1224 
1.00
16
0
565 588 587 585 563 564 
1.00
16
0
441 442 464 462 440 439 
1.00
16
0
637 660 659 657 635 636 
1.00
16
0
174 179 196 197 176 175 
1.00
16
0
228 243 250 251 230 229 
1.00
16
0
1528 1547 1548 1546 1526 1525 
1.00
16
0
1562 1570 1571 1557 1555 1556 
1.00
15
0
978 1001 1000 999 976 
1.00
15
0
108 113 131 130 111 
1.00
15
0
421 443 442 441 420 
1.00
15
0
504 516 517 492 491 
1.00
16
0
1317 1337 1338 1336 1314 1315 
1.00
6
0
2 3 4 0 
1.00
15
0
69 70 90 91 68 
1.00
16
0
280 301 302 303 282 281 
1.00
16
0
1008 1031 1030 1029 1007 1006 
1.00
16
0
1188 1210 1211 1209 1187 1186 
1.00
16
0
1063 1084 1085 1082 1061 1060 
1.00
15
0
753 776 777 751 750 
1.00
17
0
838 863 865 866 839 837 836 
1.00
16
0
535 558 557 555 533 534 
1.00
15
0
1244 1266 1265 1242 1243 
1.00
16
0
321 340 342 343 323 322 
1.00
16
0
1099 1120 1121 1119 1096 1097 
1.00
16
0
299 317 319 320 300 298 
1.00
16
0
572 595 593 589 571 573 
1.00
16
0
1043 1065 1064 1062 1041 1040 
1.00
16
0
1302 1324 1323 1322 1301 1300 
1.00
16
0
104 123 126 127 106 105 
1.00
16
0
1549 1565 1566 1563 1548 1547 
1.00
16
0
1204 1227 1226 1224 1203 1202 
1.00
16
0
741 764 765 761 739 738 
1.00
16
0
629 651 652 649 628 627 
1.00
16
0
746 748 747 743 723 722 
1.00
16
0
477 501 502 497 479 478 
1.00
16
0
760 763 762 758 737 736 
1.00
16
0
852 877 876 873 850 849 
1.00
15
0
1371 1391 1390 1369 1370 
1.00
15
0
1225 1246 1247 1245 1223 
1.00
16
0
1013 1034 1035 1032 1010 1011 
1.00
16
0
615 618 639 638 617 616 
1.00
15
0
1247 1268 1269 1267 1245 
1.00
17
0
904 928 929 927 924 903 902 
1.00
16
0
545 548 551 549 528 529 
1.00
16
0
1473 1498 1499 1497 1470 1471 
1.00
16
0
1427 1451 1452 1449 1425 1424 
1.00
15
0
956 979 977 954 955 
1.00
15
0
1068 1090 1089 1066 1067 
1.00
15
0
973 995 996 994 971 
1.00
16
0
349 372 371 370 358 348 
1.00
16
0
479 497 496 481 472 471 
1.00
16
0
748 770 772 773 768 747 
1.00
15
0
346 367 368 369 347 
1.00
16
0
1293 1315 1314 1312 1291 1290 
1.00
16
0
341 360 363 362 342 340 
1.00
16
0
371 393 394 392 381 370 
1.00
15
0
260 281 282 283 261 
1.00
16
0
358 370 381 380 379 359 
1.00
15
0
628 649 650 648 626 
1.00
16
0
557 580 579 577 556 555 
1.00
16
0
1505 1527 1528 1525 1503 1502 
1.00
15
0
732 756 755 730 731 
1.00
16
0
319 338 341 340 321 320 
1.00
16
0
1484 1511 1510 1508 1482 1483 
1.00
15
0
1596 1599 1597 1594 1595 
1.00
16
0
631 654 653 651 629 630 
1.00
16
0
196 200 218 219 198 197 
1.00
16
0
409 428 430 431 410 408 
1.00
16
0
661 662 683 682 659 660 
1.00
15
0
917 916 915 890 895 
1.00
6
0
490 514 513 489 
1.00
16
0
937 961 960 958 935 934 
1.00
16
0
1118 1140 1141 1138 1117 1116 
1.00
16
0
344 365 366 367 346 345 
1.00
16
0
148 167 170 171 150 149 
1.00
16
0
467 469 494 493 473 468 
1.00
16
0
500 524 525 521 502 501 
1.00
16
0
635 657 658 655 634 633 
1.00
16
0
850 873 875 848 847 845 
1.00
16
0
135 136 157 156 152 134 
1.00
16
0
440 462 463 461 438 437 
1.00
15
0
1301 1322 1321 1298 1299 
1.00
16
0
45 47 66 67 65 44 
1.00
16
0
1439 1469 1468 1458 1438 1437 
1.00
15
0
1159 1180 1181 1179 1157 
1.00
15
0
859 884 883 857 858 
1.00
17
0
918 942 944 943 940 916 917 
1.00
16
0
419 420 441 439 417 418 
1.00
16
0
699 719 720 718 697 696 
1.00
15
0
1459 1460 1461 1435 1434 
1.00
15
0
932 956 955 930 931 
1.00
15
0
759 782 783 781 757 
1.00
15
0
399 421 420 419 398 
1.00
16
0
742 766 767 764 741 740 
1.00
16
0
960 984 983 981 959 958 
1.00
16
0
1103 1125 1124 1122 1100 1101 
1.00
15
0
540 561 562 560 538 
1.00
6
0
517 518 515 492 
1.00
15
0
1519 1541 1542 1520 1518 
1.00
16
0
49 50 71 70 69 48 
1.00
16
0
1454 1483 1482 1481 1452 1451 
1.00
15
0
1532 1550 1551 1530 1529 
1.00
15
0
1351 1371 1370 1349 1350 
1.00
16
0
159 160 181 180 178 158 
1.00
16
0
427 445 450 449 429 426 
1.00
15
0
472 481 482 480 458 
1.00
16
0
1106 1129 1128 1126 1104 1105 
1.00
16
0
220 241 242 243 228 221 
1.00
15
0
1115 1136 1137 1135 1113 
1.00
15
0
128 149 150 151 129 
1.00
16
0
1010 1032 1033 1031 1008 1009 
1.00
15
0
735 736 737 733 712 
1.00
16
0
1229 1251 1250 1248 1226 1227 
1.00
16
0
1172 1194 1195 1192 1170 1171 
1.00
16
0
1419 1444 1443 1441 1418 1417 
1.00
16
0
1482 1508 1509 1506 1480 1481 
1.00
16
0
578 599 600 598 576 575 
1.00
16
0
1121 1143 1142 1140 1118 1119 
1.00
16
0
339 356 361 360 341 338 
1.00
16
0
20 21 40 41 32 19 
1.00
16
0
1212 1234 1235 1233 1211 1210 
1.00
16
0
791 816 817 789 788 787 
1.00
16
0
720 744 742 740 717 718 
1.00
16
0
1446 1475 1474 1472 1443 1444 
1.00
16
0
943 967 966 964 941 940 
1.00
16
0
993 1016 1017 1015 992 991 
1.00
16
0
1455 1485 1484 1483 1454 1453 
1.00
16
0
1272 1295 1294 1292 1271 1270 
1.00
15
0
862 886 887 885 860 
1.00
16
0
309 329 328 327 315 306 
1.00
15
0
368 389 390 391 369 
1.00
16
0
1452 1481 1480 1478 1450 1449 
1.00
15
0
3 16 17 18 4 
1.00
16
0
773 795 796 794 769 768 
1.00
16
0
286 307 309 306 294 287 
1.00
16
0
1588 1595 1594 1591 1587 1586 
1.00
16
0
1198 1221 1220 1218 1196 1197 
1.00
16
0
854 856 853 851 828 827 
1.00
16
0
717 740 741 738 715 716 
1.00
16
0
55 57 77 78 58 54 
1.00
16
0
1078 1101 1100 1098 1076 1077 
1.00
15
0
51 73 72 71 50 
1.00
16
0
81 100 104 105 83 82 
1.00
16
0
786 810 809 807 783 782 
1.00
16
0
122 124 145 144 126 123 
1.00
15
0
1391 1411 1410 1389 1390 
1.00
16
0
1345 1366 1365 1364 1343 1344 
1.00
16
0
1165 1186 1187 1185 1163 1162 
1.00
16
0
233 252 254 255 234 232 
1.00
16
0
1110 1133 1132 1130 1108 1109 
1.00
15
0
856 880 881 879 853 
1.00
16
0
1490 1491 1492 1464 1463 1462 
1.00
16
0
1061 1082 1083 1081 1059 1058 
1.00
16
0
1296 1319 1318 1316 1294 1295 
1.00
17
0
778 805 804 802 775 777 776 
1.00
16
0
729 752 753 750 726 727 
1.00
16
0
1271 1292 1293 1290 1269 1268 
1.00
16
0
101 102 122 123 104 100 
1.00
15
0
150 171 172 173 151 
1.00
15
0
271 293 292 291 270 
1.00
16
0
667 689 688 686 666 665 
1.00
15
0
1411 1432 1431 1409 1410 
1.00
16
0
1298 1321 1320 1319 1296 1297 
1.00
16
0
93 94 115 114 112 92 
1.00
15
0
562 583 584 582 560 
1.00
15
0
884 908 907 882 883 
1.00
15
0
690 710 709 688 689 
1.00
16
0
1059 1081 1080 1079 1057 1056 
1.00
16
0
962 985 986 984 960 961 
1.00
16
0
484 509 508 507 495 483 
1.00
16
0
706 728 729 727 705 704 
1.00
16
0
24 25 45 44 43 23 
1.00
6
0
1599 1600 1598 1597 
1.00
16
0
273 287 294 295 274 272 
1.00
16
0
126 144 148 149 128 127 
1.00
16
0
594 616 617 614 593 595 
1.00
16
0
314 334 333 332 312 313 
1.00
16
0
825 827 828 824 800 799 
1.00
15
0
625 647 646 623 624 
1.00
16
0
1543 1556 1555 1538 1536 1537 
1.00
16
0
1476 1502 1503 1500 1474 1475 
1.00
15
0
38 59 60 61 39 
1.00
16
0
1160 1183 1182 1180 1159 1158 
1.00
16
0
429 449 452 451 430 428 
1.00
16
0
607 630 629 627 606 605 
1.00
16
0
930 955 954 953 929 928 
1.00
16
0
1548 1563 1564 1561 1545 1546 
1.00
15
0
606 627 628 626 604 
1.00
15
0
1463 1464 1465 1466 1436 
1.00
16
0
454 475 477 478 455 453 
1.00
16
0
1144 1167 1166 1164 1142 1143 
1.00
16
0
1108 1130 1131 1129 1106 1107 
1.00
15
0
808 811 812 813 784 
1.00
16
0
1176 1199 1198 1197 1175 1174 
1.00
16
0
1054 1077 1076 1075 1053 1052 
1.00
16
0
297 316 318 317 299 296 
1.00
16
0
192 212 214 215 194 193 
1.00
15
0
1573 1574 1560 1559 1558 
1.00
16
0
277 296 299 298 278 276 
1.00
17
0
15 14 33 36 37 17 16 
1.00
16
0
950 949 947 923 922 925 
1.00
16
0
1402 1422 1423 1420 1399 1400 
1.00
15
0
1049 1070 1071 1069 1047 
1.00
16
0
318 336 339 338 319 317 
1.00
16
0
621 644 643 642 619 620 
1.00
15
0
723 743 744 720 719 
1.00
15
0
1571 1572 1573 1558 1557 
1.00
16
0
257 276 278 279 258 256 
1.00
16
0
1405 1426 1427 1424 1403 1404 
1.00
16
0
1036 1058 1059 1056 1035 1034 
1.00
16
0
571 589 590 588 565 566 
1.00
15
0
304 324 325 326 305 
1.00
16
0
705 727 726 724 703 702 
1.00
16
0
715 738 739 734 714 713 
1.00
16
0
189 191 211 212 192 188 
1.00
16
0
889 913 912 910 887 886 
1.00
15
0
377 399 398 397 376 
1.00
16
0
619 642 641 640 639 618 
1.00
17
0
868 891 895 890 888 867 869 
1.00
16
0
416 437 438 436 424 414 
1.00
16
0
511 534 533 531 508 509 
1.00
16
0
941 964 965 963 938 939 
1.00
16
0
430 451 454 453 432 431 
1.00
16
0
1339 1359 1360 1357 1338 1337 
1.00
15
0
1539 1540 1541 1519 1517 
1.00
15
0
1200 1222 1221 1198 1199 
1.00
16
0
600 622 621 620 597 598 
1.00
16
0
946 968 970 944 942 945 
1.00
16
0
201 202 222 223 218 200 
1.00
16
0
1418 1441 1442 1440 1416 1415 
1.00
16
0
1376 1395 1396 1393 1374 1373 
1.00
16
0
1348 1367 1368 1366 1345 1346 
1.00
16
0
387 406 409 408 388 386 
1.00
16
0
1022 1045 1044 1042 1021 1020 
1.00
15
0
1 15 16 3 2 
1.00
16
0
687 707 706 704 684 685 
1.00
16
0
498 519 523 524 500 499 
1.00
16
0
265 284 286 287 273 264 
1.00
16
0
278 298 300 301 280 279 
1.00
16
0
681 702 703 701 680 679 
1.00
16
0
154 175 176 177 163 155 
1.00
16
0
890 915 914 913 889 888 
1.00
16
0
774 797 798 772 770 771 
1.00
16
0
1149 1171 1170 1169 1146 1147 
1.00
15
0
1093 1114 1115 1113 1091 
1.00
15
0
1112 1134 1133 1110 1111 
1.00
15
0
17 37 38 39 18 
1.00
16
0
112 114 135 134 131 113 
1.00
16
0
502 521 522 506 496 497 
1.00
15
0
875 874 870 846 848 
1.00
16
0
1035 1056 1057 1055 1033 1032 
1.00
16
0
641 663 664 662 661 640 
1.00
16
0
1318 1340 1339 1337 1317 1316 
1.00
16
0
1117 1138 1139 1136 1115 1114 
1.00
15
0
1590 1596 1595 1588 1589 
1.00
15
0
908 932 931 906 907 
1.00
15
0
457 471 472 458 448 
1.00
16
0
146 164 169 168 166 147 
1.00
16
0
1044 1067 1066 1065 1043 1042 
1.00
16
0
1281 1303 1302 1300 1279 1278 
1.00
15
0
710 732 731 708 709 
1.00
16
0
137 138 159 158 157 136 
1.00
16
0
463 486 487 485 460 461 
1.00
16
0
242 263 265 264 250 243 
1.00
16
0
512 536 535 534 511 510 
1.00
16
0
703 724 725 721 700 701 
1.00
16
0
882 907 906 905 881 880 
1.00
16
0
673 694 695 692 672 671 
1.00
15
0
1486 1512 1511 1484 1485 
1.00
16
0
762 785 786 782 759 758 
1.00
16
0
1526 1546 1545 1544 1523 1524 
1.00
15
0
1090 1112 1111 1088 1089 
1.00
16
0
1564 1576 1575 1570 1562 1561 
1.00
16
0
366 386 388 389 368 367 
1.00
16
0
1050 1072 1073 1070 1049 1048 
1.00
16
0
452 474 476 475 454 451 
1.00
16
0
1057 1079 1078 1077 1054 1055 
1.00
16
0
1095 1116 1117 1114 1093 1092 
1.00
15
0
95 117 116 115 94 
1.00
16
0
403 414 424 425 423 402 
1.00
16
0
397 398 419 418 395 396 
1.00
16
0
1132 1155 1154 1152 1131 1130 
1.00
16
0
1360 1380 1379 1377 1358 1357 
1.00
16
0
522 529 528 527 505 506 
1.00
15
0
1203 1224 1225 1223 1201 
1.00
16
0
1080 1102 1103 1101 1078 1079 
1.00
15
0
11 12 29 28 10 
1.00
16
0
912 936 937 934 911 910 
1.00
16
0
542 564 563 561 540 539 
1.00
16
0
1507 1529 1530 1527 1505 1504 
1.00
15
0
6 20 19 13 5 
1.00
15
0
672 692 693 691 670 
1.00
16
0
609 632 631 630 607 608 
1.00
16
0
695 716 715 713 693 692 
1.00
16
0
1235 1256 1257 1255 1232 1233 
1.00
16
0
543 552 568 567 547 544 
1.00
16
0
1279 1300 1301 1299 1277 1276 
1.00
16
0
830 831 829 826 801 803 
1.00
16
0
13 19 32 34 33 14 
1.00
16
0
294 306 315 316 297 295 
1.00
16
0
1166 1189 1188 1186 1165 1164 
1.00
16
0
801 826 825 799 798 797 
1.00
16
0
247 248 269 268 266 246 
1.00
16
0
568 574 592 591 569 567 
1.00
16
0
1021 1042 1043 1040 1018 1019 
1.00
16
0
323 343 344 345 325 324 
1.00
16
0
1163 1185 1184 1183 1160 1161 
1.00
16
0
364 384 387 386 366 365 
1.00
17
0
1550 1552 1568 1567 1565 1549 1551 
1.00
15
0
514 537 536 512 513 
1.00
16
0
1232 1255 1254 1252 1230 1231 
1.00
17
0
328 350 349 348 337 335 327 
1.00
15
0
412 433 434 435 413 
1.00
15
0
83 105 106 107 84 
1.00
15
0
976 999 998 974 975 
1.00
16
0
1096 1119 1118 1116 1095 1094 
1.00
15
0
812 840 842 834 813 
1.00
16
0
634 655 656 654 631 632 
1.00
16
0
1007 1029 1028 1026 1005 1004 
1.00
15
0
982 1004 1005 1003 980 
1.00
16
0
1100 1122 1123 1120 1099 1098 
1.00
16
0
987 1011 1010 1009 986 985 
1.00
16
0
1499 1521 1522 1513 1496 1497 
1.00
15
0
334 355 354 353 333 
1.00
16
0
1170 1192 1193 1190 1168 1169 
1.00
16
0
363 382 385 384 364 362 
1.00
16
0
207 221 228 229 209 206 
1.00
16
0
996 1019 1018 1016 993 994 
1.00
15
0
650 671 672 670 648 
1.00
16
0
675 696 697 694 673 674 
1.00
16
0
1028 1051 1050 1048 1027 1026 
1.00
16
0
1259 1280 1281 1278 1257 1256 
1.00
15
0
570 572 573 551 548 
1.00
15
0
1027 1048 1049 1047 1025 
1.00
15
0
584 605 606 604 582 
1.00
16
0
1362 1382 1381 1380 1360 1359 
1.00
16
0
1388 1407 1408 1406 1386 1385 
1.00
16
0
407 426 429 428 409 406 
1.00
15
0
1046 1068 1067 1044 1045 
1.00
16
0
949 975 974 972 948 947 
1.00
16
0
864 871 893 892 865 863 
1.00
15
0
1354 1373 1374 1372 1352 
1.00
16
0
388 408 410 411 390 389 
1.00
16
0
520 530 543 544 523 519 
1.00
16
0
166 168 189 188 170 167 
1.00
16
0
1503 1525 1526 1524 1501 1500 
1.00
15
0
959 981 982 980 957 
1.00
15
0
693 713 714 711 691 
1.00
16
0
983 1006 1007 1004 982 981 
1.00
16
0
899 926 925 922 900 897 
1.00
16
0
1038 1060 1061 1058 1036 1037 
1.00
16
0
924 927 951 950 925 926 
1.00
16
0
1141 1162 1163 1161 1139 1138 
1.00
16
0
817 819 818 815 790 789 
1.00
15
0
1492 1493 1494 1465 1464 
1.00
16
0
361 378 383 382 363 360 
1.00
16
0
165 184 187 186 169 164 
1.00
16
0
181 182 203 202 201 180 
1.00
15
0
60 82 83 84 61 
1.00
16
0
639 640 661 660 637 638 
1.00
16
0
754 779 778 776 753 752 
1.00
17
0
526 541 542 539 518 517 516 
1.00
16
0
1207 1228 1229 1227 1204 1205 
1.00
15
0
935 958 959 957 933 
1.00
16
0
1285 1306 1307 1305 1283 1282 
1.00
16
0
1470 1497 1496 1487 1468 1469 
1.00
16
0
1514 1516 1515 1491 1490 1489 
1.00
16
0
310 312 332 331 330 311 
1.00
16
0
250 264 273 272 253 251 
1.00
16
0
1153 1174 1175 1173 1150 1151 
1.00
16
0
125 142 146 147 145 124 
1.00
16
0
878 902 903 901 876 877 
1.00
16
0
814 835 838 836 809 810 
1.00
16
0
1314 1336 1335 1333 1313 1312 
1.00
16
0
798 799 800 795 773 772 
1.00
16
0
617 638 637 636 613 614 
1.00
16
0
1076 1098 1099 1097 1074 1075 
1.00
16
0
1182 1205 1204 1202 1181 1180 
1.00
16
0
847 848 846 843 818 819 
1.00
16
0
569 591 594 595 572 570 
1.00
16
0
240 245 262 263 242 241 
1.00
17
0
971 994 993 991 969 970 968 
1.00
16
0
410 431 432 433 412 411 
1.00
16
0
36 54 58 59 38 37 
1.00
16
0
1184 1206 1207 1205 1182 1183 
1.00
15
0
443 466 465 464 442 
1.00
17
0
700 721 722 723 719 699 698 
1.00
16
0
1127 1148 1149 1147 1124 1125 
1.00
16
0
597 620 619 618 615 596 
1.00
16
0
1220 1243 1242 1240 1219 1218 
1.00
16
0
563 585 586 583 562 561 
1.00
16
0
1131 1152 1153 1151 1128 1129 
1.00
16
0
1175 1197 1196 1194 1172 1173 
1.00
17
0
726 750 751 749 745 725 724 
1.00
15
0
7 22 21 20 6 
1.00
16
0
523 544 547 546 525 524 
1.00
16
0
658 679 680 677 656 655 
1.00
16
0
447 459 470 469 467 446 
1.00
15
0
348 358 359 357 337 
1.00
16
0
1342 1361 1362 1359 1339 1340 
1.00
16
0
656 677 678 676 653 654 
1.00
15
0
1374 1393 1394 1392 1372 
1.00
16
0
590 611 612 610 587 588 
1.00
16
0
1236 1258 1259 1256 1235 1234 
1.00
16
0
586 608 607 605 584 583 
1.00
16
0
1349 1370 1369 1367 1348 1347 
1.00
15
0
1266 1288 1287 1264 1265 
1.00
15
0
669 690 689 667 668 
1.00
17
0
373 374 396 395 393 371 372 
1.00
16
0
1304 1325 1326 1324 1302 1303 
1.00
16
0
1566 1577 1578 1576 1564 1563 
1.00
15
0
581 603 602 579 580 
1.00
16
0
1083 1105 1104 1102 1080 1081 
1.00
15
0
756 780 779 754 755 
1.00
16
0
1409 1431 1430 1428 1408 1407 
1.00
16
0
1230 1252 1253 1251 1229 1228 
1.00
16
0
258 279 280 281 260 259 
1.00
15
0
1313 1333 1334 1332 1311 
1.00
15
0
1540 1559 1560 1542 1541 
1.00
15
0
737 758 759 757 733 
1.00
17
0
1399 1420 1421 1419 1417 1397 1398 
1.00
15
0
970 969 967 943 944 
1.00
16
0
262 267 285 284 265 263 
1.00
16
0
357 359 379 378 361 356 
1.00
16
0
659 682 681 679 658 657 
1.00
16
0
1242 1265 1264 1263 1241 1240 
1.00
15
0
1269 1290 1291 1289 1267 
1.00
15
0
1331 1351 1350 1329 1330 
1.00
16
0
532 553 554 552 543 530 
1.00
16
0
818 843 844 835 814 815 
1.00
16
0
152 156 174 175 154 153 
1.00
16
0
187 206 209 208 190 186 
1.00
16
0
214 235 236 237 216 215 
1.00
16
0
1073 1094 1095 1092 1071 1070 
1.00
16
0
739 761 760 736 735 734 
1.00
16
0
330 331 351 350 328 329 
1.00
16
0
829 855 854 827 825 826 
1.00
15
0
216 237 238 239 217 
1.00
16
0
52 63 75 74 56 53 
1.00
16
0
1384 1404 1403 1401 1381 1382 
1.00
16
0
896 919 920 894 892 893 
1.00
15
0
1414 1437 1438 1433 1412 
1.00
16
0
1146 1169 1168 1167 1144 1145 
1.00
17
0
1000 1023 1022 1020 997 998 999 
1.00
16
0
1320 1341 1342 1340 1318 1319 
1.00
16
0
1425 1449 1450 1447 1423 1422 
1.00
15
0
1465 1494 1495 1467 1466 
1.00
15
0
5 13 14 15 1 
1.00
16
0
1379 1400 1399 1398 1378 1377 
1.00
16
0
914 939 938 936 912 913 
1.00
15
0
1587 1591 1592 1584 1582 
1.00
16
0
874 898 899 897 872 870 
1.00
17
0
743 747 768 769 766 742 744 
1.00
16
0
1327 1347 1348 1346 1326 1325 
1.00
16
0
383 400 404 405 385 382 
1.00
16
0
820 845 847 819 817 816 
1.00
16
0
1448 1477 1476 1475 1446 1445 
1.00
16
0
867 888 889 886 862 861 
1.00
16
0
1338 1357 1358 1356 1335 1336 
1.00
16
0
1193 1215 1214 1213 1191 1190 
1.00
16
0
948 972 973 971 968 946 
1.00
16
0
381 392 403 402 401 380 
1.00
16
0
1053 1075 1074 1072 1050 1051 
1.00
16
0
80 98 103 102 101 79 
1.00
16
0
1018 1040 1041 1039 1017 1016 
1.00
16
0
1033 1055 1054 1052 1030 1031 
1.00
15
0
1137 1158 1159 1157 1135 
1.00
16
0
1396 1415 1416 1413 1394 1393 
1.00
17
0
1515 1517 1519 1518 1493 1492 1491 
1.00
16
0
1286 1309 1308 1306 1285 1284 
1.00
16
0
998 997 995 973 972 974 
1.00
16
0
1443 1472 1473 1471 1442 1441 
1.00
16
0
919 921 945 942 918 920 
1.00
6
0
12 31 30 29 
1.00
16
0
218 223 240 241 220 219 
1.00
16
0
1335 1356 1355 1353 1334 1333 
1.00
16
0
833 859 858 831 830 832 
1.00
15
0
1291 1312 1313 1311 1289 
1.00
15
0
375 376 397 396 374 
1.00
16
0
892 894 891 868 866 865 
1.00
16
0
1017 1039 1038 1037 1014 1015 
1.00
16
0
46 48 69 68 66 47 
1.00
16
0
966 989 990 988 965 964 
1.00
16
0
645 668 667 665 643 644 
1.00
15
0
53 56 57 55 35 
1.00
16
0
793 821 820 816 791 792 
1.00
6
0
293 314 313 292 
1.00
15
0
161 183 182 181 160 
1.00
16
0
351 352 373 372 349 350 
1.00
15
0
227 249 248 247 226 
1.00
16
0
335 337 357 356 339 336 
1.00
16
0
34 35 55 54 36 33 
1.00
16
0
965 988 987 985 962 963 
1.00
16
0
450 468 473 474 452 449 
1.00
16
0
809 836 837 811 808 807 
1.00
15
0
1156 1178 1177 1154 1155 
1.00
16
0
765 787 788 763 760 761 
1.00
16
0
906 931 930 928 904 905 
1.00
16
0
680 701 700 698 678 677 
1.00
16
0
222 224 244 245 240 223 
1.00
15
0
796 822 821 793 794 
1.00
15
0
1457 1486 1485 1455 1456 
1.00
16
0
1355 1375 1376 1373 1354 1353 
1.00
15
0
390 411 412 413 391 
1.00
15
0
325 345 346 347 326 
1.00
15
0
842 861 862 860 834 
1.00
16
0
1014 1037 1036 1034 1013 1012 
1.00
15
0
664 685 684 683 662 
1.00
16
0
353 354 375 374 373 352 
1.00
16
0
1523 1544 1543 1537 1522 1521 
1.00
16
0
99 119 120 121 103 98 
1.00
16
0
145 147 166 167 148 144 
1.00
15
0
205 227 226 225 204 
1.00
16
0
253 272 274 275 254 252 
1.00
16
0
992 1015 1014 1012 990 989 
1.00
15
0
1002 1024 1023 1000 1001 
1.00
16
0
58 78 81 82 60 59 
1.00
16
0
1474 1500 1501 1498 1473 1472 
1.00
16
0
1191 1213 1212 1210 1188 1189 
1.00
15
0
1181 1202 1203 1201 1179 
1.00
17
0
56 74 76 80 79 77 57 
1.00
16
0
1403 1424 1425 1422 1402 1401 
1.00
16
0
1468 1487 1488 1460 1459 1458 
1.00
17
0
1555 1557 1558 1559 1540 1539 1538 
1.00
16
0
1381 1401 1402 1400 1379 1380 
1.00
16
0
1253 1274 1275 1273 1250 1251 
1.00
16
0
853 879 878 877 852 851 
1.00
16
0
288 290 310 311 308 289 
1.00
16
0
613 636 635 633 612 611 
1.00
15
0
194 215 216 217 195 
1.00
16
0
40 42 62 63 52 41 
1.00
15
0
1581 1590 1589 1579 1580 
1.00
17
0
495 507 520 519 498 493 494 
1.00
16
0
533 555 556 553 532 531 
1.00
16
0
554 575 576 574 568 552 
1.00
16
0
697 718 717 716 695 694 
1.00
16
0
1041 1062 1063 1060 1038 1039 
1.00
16
0
22 23 43 42 40 21 
1.00
16
0
1386 1406 1405 1404 1384 1383 
1.00
16
0
954 977 978 976 952 953 
1.00
16
0
1408 1428 1429 1426 1405 1406 
1.00
16
0
601 624 623 622 600 599 
1.00
15
0
725 745 746 722 721 
1.00
16
0
88 89 108 111 109 87 
1.00
16
0
285 289 308 307 286 284 
1.00
16
0
1085 1107 1106 1105 1083 1082 
1.00
16
0
579 602 601 599 578 577 
1.00
16
0
1423 1447 1448 1445 1421 1420 
1.00
16
0
169 186 190 191 189 168 
1.00
16
0
1594 1597 1598 1593 1592 1591 
1.00
15
0
844 864 863 838 835 
1.00
15
0
1178 1200 1199 1176 1177 
1.00
15
0
1572 1583 1585 1574 1573 
1.00
15
0
537 559 558 535 536 
1.00
16
0
666 686 687 685 664 663 
1.00
15
0
806 833 832 804 805 
1.00
16
0
1262 1284 1285 1282 1261 1260 
1.00
16
0
1369 1390 1389 1387 1368 1367 
1.00
16
0
178 180 201 200 196 179 
1.00
16
0
291 292 313 312 310 290 
1.00
16
0
623 646 645 644 621 622 
1.00
16
0
75 85 96 97 76 74 
1.00
16
0
790 815 814 810 786 785 
1.00
16
0
505 527 526 516 504 503 
1.00
16
0
269 270 291 290 288 268 
1.00
16
0
379 380 401 400 383 378 
1.00
16
0
1480 1506 1507 1504 1479 1478 
1.00
16
0
1104 1126 1127 1125 1103 1102 
1.00
16
0
775 802 803 801 797 774 
1.00
15
0
1554 1569 1568 1552 1553 
1.00
16
0
176 197 198 199 185 177 
1.00
16
0
1219 1240 1241 1239 1217 1216 
1.00
15
0
1222 1244 1243 1220 1221 
1.00
16
0
841 869 867 861 842 840 
1.00
16
0
315 327 335 336 318 316 
1.00
15
0
887 910 911 909 885 
1.00
16
0
455 478 479 471 457 456 
1.00
15
0
183 205 204 203 182 
1.00
16
0
342 362 364 365 344 343 
1.00
16
0
1397 1417 1418 1415 1396 1395 
1.00
15
0
97 99 98 80 76 
1.00
16
0
401 402 423 422 404 400 
1.00
17
0
90 92 112 113 108 89 91 
1.00
16
0
653 676 675 674 652 651 
1.00
16
0
26 27 46 47 45 25 
1.00
16
0
1450 1478 1479 1477 1448 1447 
1.00
16
0
302 322 323 324 304 303 
1.00
15
0
106 127 128 129 107 
1.00
16
0
508 531 532 530 520 507 
1.00
16
0
749 771 770 748 746 745 
1.00
16
0
143 162 165 164 146 142 
1.00
15
0
1493 1518 1520 1495 1494 
1.00
16
0
496 506 505 503 482 481 
1.00
16
0
476 499 500 501 477 475 
1.00
16
0
86 87 109 110 96 85 
1.00
15
0
434 456 457 448 435 
1.00
16
0
65 67 88 87 86 64 
1.00
16
0
788 789 790 785 762 763 
1.00
15
0
1288 1310 1309 1286 1287 
1.00
16
0
990 1012 1013 1011 987 988 
1.00
16
0
103 121 125 124 122 102 
1.00
16
0
115 116 137 136 135 114 
1.00
16
0
1283 1305 1304 1303 1281 1280 
1.00
16
0
1509 1531 1532 1529 1507 1506 
1.00
16
0
903 924 926 899 898 901 
1.00
16
0
198 219 220 221 207 199 
1.00
16
0
1363 1383 1384 1382 1362 1361 
1.00
15
0
603 625 624 601 602 
1.00
16
0
473 493 498 499 476 474 
1.00
16
0
1217 1239 1238 1237 1214 1215 
1.00
15
0
9 26 25 24 8 
1.00
16
0
66 68 91 89 88 67 
1.00
15
0
1134 1156 1155 1132 1133 
1.00
15
0
911 934 935 933 909 
1.00
15
0
783 807 808 784 781 
1.00
16
0
1139 1161 1160 1158 1137 1136 
1.00
16
0
1142 1164 1165 1162 1141 1140 
1.00
16
0
1308 1330 1329 1328 1307 1306 
1.00
15
0
470 483 495 494 469 
1.00
16
0
1154 1177 1176 1174 1153 1152 
1.00
15
0
979 1002 1001 978 977 
1.00
16
0
643 665 666 663 641 642 
1.00
16
0
77 79 101 100 81 78 
1.00
16
0
1254 1276 1277 1274 1253 1252 
1.00
17
0
547 567 569 570 548 545 546 
1.00
16
0
969 991 992 989 966 967 
1.00
16
0
1195 1216 1217 1215 1193 1192 
1.00
16
0
163 177 185 184 165 162 
1.00
17
0
211 213 232 234 235 214 212 
1.00
15
0
866 868 869 841 839 
1.00
16
0
769 794 793 792 767 766 
1.00
16
0
1378 1398 1397 1395 1376 1375 
1.00
16
0
1275 1297 1296 1295 1272 1273 
1.00
16
0
1196 1218 1219 1216 1195 1194 
1.00
16
0
62 64 86 85 75 63 
1.00
17
0
109 111 130 133 132 118 110 
1.00
15
0
117 139 138 137 116 
1.00
16
0
1329 1350 1349 1347 1327 1328 
1.00
16
0
1567 1580 1579 1577 1566 1565 
1.00
0
0 0
0
1 0
0
2 0
0
5 0
0
6 0
0
7 0
0
8 0
0
9 0
0
10 0
0
11 0
0
0 1
0
1 1
0
2 1
0
5 1
0
6 1
0
7 1
0
8 1
0
9 1
0
10 1
0
11 1
2
1467 1 -0.119855723085000
2
1495 1 -0.687576131550000
2
1520 1 -1.197223186020000
2
1542 1 -1.489354372170000
2
1560 1 -1.489354372170000
2
1574 1 -1.615848034505000
2
1585 1 -1.462023240080000
2
1593 1 -1.082879038440000
2
1598 1 -0.588553329555000
2
1600 1 -0.112535117145000
