0
202 100 1 6
1
200000.00 0.30
2
8.0000 -0.5000
2
8.0000 0.5000
2
7.9200 -0.5000
2
7.9200 0.5000
2
7.8400 -0.5000
2
7.8400 0.5000
2
7.7600 -0.5000
2
7.7600 0.5000
2
7.6800 -0.5000
2
7.6800 0.5000
2
7.6000 -0.5000
2
7.6000 0.5000
2
7.5200 -0.5000
2
7.5200 0.5000
2
7.4400 -0.5000
2
7.4400 0.5000
2
7.3600 -0.5000
2
7.3600 0.5000
2
7.2800 -0.5000
2
7.2800 0.5000
2
7.2000 -0.5000
2
7.2000 0.5000
2
7.1200 -0.5000
2
7.1200 0.5000
2
7.0400 -0.5000
2
7.0400 0.5000
2
6.9600 -0.5000
2
6.9600 0.5000
2
6.8800 -0.5000
2
6.8800 0.5000
2
6.8000 -0.5000
2
6.8000 0.5000
2
6.7200 -0.5000
2
6.7200 0.5000
2
6.6400 -0.5000
2
6.6400 0.5000
2
6.5600 -0.5000
2
6.5600 0.5000
2
6.4800 -0.5000
2
6.4800 0.5000
2
6.4000 -0.5000
2
6.4000 0.5000
2
6.3200 -0.5000
2
6.3200 0.5000
2
6.2400 -0.5000
2
6.2400 0.5000
2
6.1600 -0.5000
2
6.1600 0.5000
2
6.0800 -0.5000
2
6.0800 0.5000
2
6.0000 -0.5000
2
6.0000 0.5000
2
5.9200 -0.5000
2
5.9200 0.5000
2
5.8400 -0.5000
2
5.8400 0.5000
2
5.7600 -0.5000
2
5.7600 0.5000
2
5.6800 -0.5000
2
5.6800 0.5000
2
5.6000 -0.5000
2
5.6000 0.5000
2
5.5200 -0.5000
2
5.5200 0.5000
2
5.4400 -0.5000
2
5.4400 0.5000
2
5.3600 -0.5000
2
5.3600 0.5000
2
5.2800 -0.5000
2
5.2800 0.5000
2
5.2000 -0.5000
2
5.2000 0.5000
2
5.1200 -0.5000
2
5.1200 0.5000
2
5.0400 -0.5000
2
5.0400 0.5000
2
4.9600 -0.5000
2
4.9600 0.5000
2
4.8800 -0.5000
2
4.8800 0.5000
2
4.8000 -0.5000
2
4.8000 0.5000
2
4.7200 -0.5000
2
4.7200 0.5000
2
4.6400 -0.5000
2
4.6400 0.5000
2
4.5600 -0.5000
2
4.5600 0.5000
2
4.4800 -0.5000
2
4.4800 0.5000
2
4.4000 -0.5000
2
4.4000 0.5000
2
4.3200 -0.5000
2
4.3200 0.5000
2
4.2400 -0.5000
2
4.2400 0.5000
2
4.1600 -0.5000
2
4.1600 0.5000
2
4.0800 -0.5000
2
4.0800 0.5000
2
4.0000 -0.5000
2
4.0000 0.5000
2
3.9200 -0.5000
2
3.9200 0.5000
2
3.8400 -0.5000
2
3.8400 0.5000
2
3.7600 -0.5000
2
3.7600 0.5000
2
3.6800 -0.5000
2
3.6800 0.5000
2
3.6000 -0.5000
2
3.6000 0.5000
2
3.5200 -0.5000
2
3.5200 0.5000
2
3.4400 -0.5000
2
3.4400 0.5000
2
3.3600 -0.5000
2
3.3600 0.5000
2
3.2800 -0.5000
2
3.2800 0.5000
2
3.2000 -0.5000
2
3.2000 0.5000
2
3.1200 -0.5000
2
3.1200 0.5000
2
3.0400 -0.5000
2
3.0400 0.5000
2
2.9600 -0.5000
2
2.9600 0.5000
2
2.8800 -0.5000
2
2.8800 0.5000
2
2.8000 -0.5000
2
2.8000 0.5000
2
2.7200 -0.5000
2
2.7200 0.5000
2
2.6400 -0.5000
2
2.6400 0.5000
2
2.5600 -0.5000
2
2.5600 0.5000
2
2.4800 -0.5000
2
2.4800 0.5000
2
2.4000 -0.5000
2
2.4000 0.5000
2
2.3200 -0.5000
2
2.3200 0.5000
2
2.2400 -0.5000
2
2.2400 0.5000
2
2.1600 -0.5000
2
2.1600 0.5000
2
2.0800 -0.5000
2
2.0800 0.5000
2
2.0000 -0.5000
2
2.0000 0.5000
2
1.9200 -0.5000
2
1.9200 0.5000
2
1.8400 -0.5000
2
1.8400 0.5000
2
1.7600 -0.5000
2
1.7600 0.5000
2
1.6800 -0.5000
2
1.6800 0.5000
2
1.6000 -0.5000
2
1.6000 0.5000
2
1.5200 -0.5000
2
1.5200 0.5000
2
1.4400 -0.5000
2
1.4400 0.5000
2
1.3600 -0.5000
2
1.3600 0.5000
2
1.2800 -0.5000
2
1.2800 0.5000
2
1.2000 -0.5000
2
1.2000 0.5000
2
1.1200 -0.5000
2
1.1200 0.5000
2
1.0400 -0.5000
2
1.0400 0.5000
2
0.9600 -0.5000
2
0.9600 0.5000
2
0.8800 -0.5000
2
0.8800 0.5000
2
0.8000 -0.5000
2
0.8000 0.5000
2
0.7200 -0.5000
2
0.7200 0.5000
2
0.6400 -0.5000
2
0.6400 0.5000
2
0.5600 -0.5000
2
0.5600 0.5000
2
0.4800 -0.5000
2
0.4800 0.5000
2
0.4000 -0.5000
2
0.4000 0.5000
2
0.3200 -0.5000
2
0.3200 0.5000
2
0.2400 -0.5000
2
0.2400 0.5000
2
0.1600 -0.5000
2
0.1600 0.5000
2
0.0800 -0.5000
2
0.0800 0.5000
2
0.0000 -0.5000
2
0.0000 0.5000
6
0
0 1 3 2 
1.00
6
0
2 3 5 4 
1.00
6
0
4 5 7 6 
1.00
6
0
6 7 9 8 
1.00
6
0
8 9 11 10 
1.00
6
0
10 11 13 12 
1.00
6
0
12 13 15 14 
1.00
6
0
14 15 17 16 
1.00
6
0
16 17 19 18 
1.00
6
0
18 19 21 20 
1.00
6
0
20 21 23 22 
1.00
6
0
22 23 25 24 
1.00
6
0
24 25 27 26 
1.00
6
0
26 27 29 28 
1.00
6
0
28 29 31 30 
1.00
6
0
30 31 33 32 
1.00
6
0
32 33 35 34 
1.00
6
0
34 35 37 36 
1.00
6
0
36 37 39 38 
1.00
6
0
38 39 41 40 
1.00
6
0
40 41 43 42 
1.00
6
0
42 43 45 44 
1.00
6
0
44 45 47 46 
1.00
6
0
46 47 49 48 
1.00
6
0
48 49 51 50 
1.00
6
0
50 51 53 52 
1.00
6
0
52 53 55 54 
1.00
6
0
54 55 57 56 
1.00
6
0
56 57 59 58 
1.00
6
0
58 59 61 60 
1.00
6
0
60 61 63 62 
1.00
6
0
62 63 65 64 
1.00
6
0
64 65 67 66 
1.00
6
0
66 67 69 68 
1.00
6
0
68 69 71 70 
1.00
6
0
70 71 73 72 
1.00
6
0
72 73 75 74 
1.00
6
0
74 75 77 76 
1.00
6
0
76 77 79 78 
1.00
6
0
78 79 81 80 
1.00
6
0
80 81 83 82 
1.00
6
0
82 83 85 84 
1.00
6
0
84 85 87 86 
1.00
6
0
86 87 89 88 
1.00
6
0
88 89 91 90 
1.00
6
0
90 91 93 92 
1.00
6
0
92 93 95 94 
1.00
6
0
94 95 97 96 
1.00
6
0
96 97 99 98 
1.00
6
0
98 99 101 100 
1.00
6
0
100 101 103 102 
1.00
6
0
102 103 105 104 
1.00
6
0
104 105 107 106 
1.00
6
0
106 107 109 108 
1.00
6
0
108 109 111 110 
1.00
6
0
110 111 113 112 
1.00
6
0
112 113 115 114 
1.00
6
0
114 115 117 116 
1.00
6
0
116 117 119 118 
1.00
6
0
118 119 121 120 
1.00
6
0
120 121 123 122 
1.00
6
0
122 123 125 124 
1.00
6
0
124 125 127 126 
1.00
6
0
126 127 129 128 
1.00
6
0
128 129 131 130 
1.00
6
0
130 131 133 132 
1.00
6
0
132 133 135 134 
1.00
6
0
134 135 137 136 
1.00
6
0
136 137 139 138 
1.00
6
0
138 139 141 140 
1.00
6
0
140 141 143 142 
1.00
6
0
142 143 145 144 
1.00
6
0
144 145 147 146 
1.00
6
0
146 147 149 148 
1.00
6
0
148 149 151 150 
1.00
6
0
150 151 153 152 
1.00
6
0
152 153 155 154 
1.00
6
0
154 155 157 156 
1.00
6
0
156 157 159 158 
1.00
6
0
158 159 161 160 
1.00
6
0
160 161 163 162 
1.00
6
0
162 163 165 164 
1.00
6
0
164 165 167 166 
1.00
6
0
166 167 169 168 
1.00
6
0
168 169 171 170 
1.00
6
0
170 171 173 172 
1.00
6
0
172 173 175 174 
1.00
6
0
174 175 177 176 
1.00
6
0
176 177 179 178 
1.00
6
0
178 179 181 180 
1.00
6
0
180 181 183 182 
1.00
6
0
182 183 185 184 
1.00
6
0
184 185 187 186 
1.00
6
0
186 187 189 188 
1.00
6
0
188 189 191 190 
1.00
6
0
190 191 193 192 
1.00
6
0
192 193 195 194 
1.00
6
0
194 195 197 196 
1.00
6
0
196 197 199 198 
1.00
6
0
198 199 201 200 
1.00
0
200 0
0
201 0
0
200 1
0
201 1
2
0 1 -5.00
2
1 1 -5.00
