0
202 100 1 13
1
219780.2197802198 0.428571428571429
2
8.0000 -0.5000
2
8.0000 -0.2146
2
8.0000 -0.0395
2
7.7259 -0.2711
2
7.7195 -0.5000
2
8.0000 0.2880
2
8.0000 0.5000
2
7.7445 0.0298
2
7.7453 0.2272
2
7.6384 -0.0585
2
7.6354 -0.1824
2
7.4264 -0.2844
2
7.4286 -0.5000
2
7.6486 0.3098
2
7.6472 0.5000
2
7.4461 0.0593
2
7.4494 0.2036
2
7.2935 -0.0448
2
7.2923 -0.1864
2
7.1189 -0.2868
2
7.1191 -0.5000
2
7.3019 0.3163
2
7.3019 0.5000
2
7.1231 0.0668
2
7.1240 0.1998
2
6.9655 -0.0402
2
6.9647 -0.1877
2
6.8080 -0.2857
2
6.8082 -0.5000
2
6.9591 0.3175
2
6.9591 0.5000
2
6.7909 0.0697
2
6.7913 0.1985
2
6.6434 -0.0370
2
6.6441 -0.1898
2
6.4973 -0.2866
2
6.5004 -0.5000
2
6.6170 0.3183
2
6.6161 0.5000
2
6.4559 0.0677
2
6.4522 0.1944
2
6.3249 -0.0418
2
6.3336 -0.1983
2
6.1919 -0.2976
2
6.1853 -0.5000
2
6.2804 0.3061
2
6.2698 0.5000
2
6.1254 0.0438
2
6.0921 0.1620
2
5.9755 -0.1682
2
5.9333 -0.1777
2
5.8779 -0.5000
2
5.9683 0.2242
2
5.9515 0.5000
2
5.7906 0.1466
2
5.8172 -0.1211
2
5.6311 -0.1880
2
5.6504 -0.5000
2
5.6726 0.2001
2
5.6666 0.5000
2
5.5186 0.1378
2
5.5198 -0.1362
2
5.3674 -0.1930
2
5.3626 -0.5000
2
5.3836 0.1989
2
5.3883 0.5000
2
5.2391 -0.1348
2
5.2354 0.1396
2
5.0801 -0.1980
2
5.0978 -0.5000
2
5.1199 0.1900
2
5.0879 0.5000
2
4.8869 0.5000
2
4.9278 0.1104
2
4.9862 -0.1579
2
4.7954 -0.2441
2
4.8078 -0.5000
2
4.8394 0.1457
2
4.8046 0.2131
2
4.5735 0.2925
2
4.5644 0.5000
2
4.6460 -0.0404
2
4.6698 -0.1733
2
4.4878 -0.2965
2
4.4954 -0.5000
2
4.4722 0.0567
2
4.4634 0.1939
2
4.2744 0.2827
2
4.2740 0.5000
2
4.3213 -0.0630
2
4.3262 -0.1936
2
4.1639 -0.3091
2
4.1654 -0.5000
2
4.1447 0.0416
2
4.1445 0.1913
2
3.9738 0.2853
2
3.9743 0.5000
2
3.9954 -0.0631
2
3.9954 -0.1995
2
3.8370 -0.3086
2
3.8369 -0.5000
2
3.8271 0.0413
2
3.8277 0.1920
2
3.6711 0.2868
2
3.6711 0.5000
2
3.6724 -0.0610
2
3.6718 -0.2004
2
3.5125 -0.3067
2
3.5121 -0.5000
2
3.5110 0.0426
2
3.5110 0.1921
2
3.3704 0.2846
2
3.3696 0.5000
2
3.3516 -0.0601
2
3.3506 -0.1998
2
3.1911 -0.3037
2
3.1898 -0.5000
2
3.1915 0.0461
2
3.1914 0.1910
2
3.0780 0.2765
2
3.0758 0.5000
2
3.0328 -0.0586
2
3.0292 -0.1969
2
2.8733 -0.2957
2
2.8729 -0.5000
2
2.8068 0.5000
2
2.5644 -0.5000
2
2.8576 0.0599
2
2.8613 0.1925
2
2.7952 0.2600
2
2.7176 -0.0448
2
2.7180 -0.1996
2
2.5528 -0.2994
2
2.4484 -0.2351
2
2.5459 0.2396
2
2.5309 0.5000
2
2.2272 -0.3413
2
2.2185 -0.5000
2
2.5160 0.0568
2
2.5094 0.1968
2
2.4099 -0.0482
2
2.2416 -0.0236
2
2.1407 -0.2319
2
2.2683 0.2640
2
2.2720 0.5000
2
1.8880 -0.5000
2
1.9817 -0.2122
2
1.8835 -0.3027
2
2.1657 0.1819
2
2.1563 0.0937
2
1.9387 -0.0110
2
1.9751 0.3104
2
1.9812 0.5000
2
1.5570 -0.5000
2
1.6824 -0.2138
2
1.5580 -0.3078
2
1.8375 0.0449
2
1.6808 -0.0486
2
1.8243 0.2074
2
1.6758 0.2913
2
1.6717 0.5000
2
1.2368 -0.5000
2
1.3809 -0.2073
2
1.2375 -0.3053
2
1.5287 0.0384
2
1.3816 -0.0544
2
1.5268 0.1990
2
1.3768 0.2870
2
1.3762 0.5000
2
0.9211 -0.5000
2
1.0741 -0.2048
2
0.9220 -0.3025
2
1.0752 -0.0547
2
1.2235 0.0394
2
1.2234 0.1971
2
0.6107 -0.5000
2
1.0816 0.2855
2
1.0808 0.5000
2
0.7669 -0.2036
2
0.6062 -0.3004
2
0.7688 -0.0535
2
0.9149 0.0427
2
0.9146 0.1950
2
0.4770 -0.2176
2
0.2987 -0.3088
2
0.2768 -0.5000
2
0.0000 -0.5000
2
0.7921 0.2803
2
0.7895 0.5000
2
0.5933 0.0509
2
0.4667 -0.0444
2
0.5953 0.1925
2
0.2924 0.0221
2
0.1482 -0.1633
2
0.0000 -0.1675
2
0.5077 0.2706
2
0.5180 0.5000
2
0.2409 0.1741
2
0.2749 0.2225
2
0.0000 0.1763
2
0.2260 0.5000
2
0.0000 0.5000
16
0
173 165 164 166 167 174 
1.00
16
0
42 35 34 33 39 41 
1.00
6
0
134 129 125 135 
1.00
16
0
85 81 77 78 79 86 
1.00
16
0
162 155 154 157 164 165 
1.00
16
0
78 77 73 70 71 72 
1.00
15
0
143 139 134 135 144 
1.00
15
0
63 57 56 61 62 
1.00
16
0
61 56 55 54 58 60 
1.00
15
0
52 48 45 46 53 
1.00
16
0
106 99 98 97 101 105 
1.00
15
0
193 184 183 190 192 
1.00
15
0
146 142 141 149 150 
1.00
15
0
20 12 11 18 19 
1.00
15
0
167 166 159 160 168 
1.00
15
0
36 28 27 34 35 
1.00
16
0
90 83 82 81 85 89 
1.00
16
0
10 3 1 2 7 9 
1.00
15
0
185 175 179 183 184 
1.00
16
0
114 107 106 105 109 113 
1.00
16
0
178 171 170 172 181 180 
1.00
15
0
13 8 5 6 14 
1.00
15
0
186 185 184 193 194 
1.00
15
0
51 44 43 49 50 
1.00
15
0
37 32 29 30 38 
1.00
15
0
29 24 21 22 30 
1.00
16
0
183 179 178 180 189 190 
1.00
15
0
116 108 107 114 115 
1.00
15
0
137 126 132 133 136 
1.00
16
0
34 27 26 25 31 33 
1.00
16
0
109 105 101 102 103 110 
1.00
16
0
18 11 10 9 15 17 
1.00
16
0
164 157 156 158 159 166 
1.00
17
0
138 130 127 128 129 134 139 
1.00
15
0
161 153 155 162 163 
1.00
15
0
169 161 163 170 171 
1.00
16
0
26 19 18 17 23 25 
1.00
16
0
74 68 66 67 70 73 
1.00
16
0
82 75 74 73 77 81 
1.00
16
0
181 172 173 174 176 182 
1.00
15
0
28 20 19 26 27 
1.00
15
0
69 63 62 66 68 
1.00
15
0
129 128 119 120 125 
1.00
15
0
92 84 83 90 91 
1.00
15
0
111 110 103 104 112 
1.00
15
0
187 182 176 177 188 
1.00
17
0
149 141 140 138 139 143 148 
1.00
16
0
189 180 181 182 187 191 
1.00
15
0
153 145 147 154 155 
1.00
15
0
142 136 133 140 141 
1.00
15
0
103 102 95 96 104 
1.00
15
0
194 193 192 197 199 
1.00
15
0
21 16 13 14 22 
1.00
6
0
4 0 1 3 
1.00
16
0
98 91 90 89 93 97 
1.00
16
0
93 89 85 86 87 94 
1.00
16
0
131 123 122 121 127 130 
1.00
16
0
23 17 15 16 21 24 
1.00
15
0
124 116 115 122 123 
1.00
15
0
176 174 167 168 177 
1.00
15
0
44 36 35 42 43 
1.00
15
0
119 118 111 112 120 
1.00
15
0
151 148 143 144 152 
1.00
16
0
117 113 109 110 111 118 
1.00
15
0
175 169 171 178 179 
1.00
16
0
170 163 162 165 173 172 
1.00
16
0
15 9 7 8 13 16 
1.00
6
0
7 2 5 8 
1.00
15
0
76 69 68 74 75 
1.00
15
0
195 191 187 188 196 
1.00
16
0
145 137 136 142 146 147 
1.00
16
0
127 121 117 118 119 128 
1.00
16
0
31 25 23 24 29 32 
1.00
15
0
199 197 198 200 201 
1.00
6
0
198 195 196 200 
1.00
15
0
159 158 151 152 160 
1.00
15
0
64 60 58 59 65 
1.00
15
0
57 51 50 55 56 
1.00
16
0
66 62 61 60 64 67 
1.00
15
0
100 92 91 98 99 
1.00
15
0
84 76 75 82 83 
1.00
16
0
133 132 131 130 138 140 
1.00
17
0
55 50 49 47 48 52 54 
1.00
16
0
154 147 146 150 156 157 
1.00
15
0
58 54 52 53 59 
1.00
16
0
156 150 149 148 151 158 
1.00
16
0
122 115 114 113 117 121 
1.00
15
0
70 67 64 65 71 
1.00
15
0
45 40 37 38 46 
1.00
17
0
192 190 189 191 195 198 197 
1.00
15
0
12 4 3 10 11 
1.00
15
0
49 43 42 41 47 
1.00
15
0
95 94 87 88 96 
1.00
15
0
108 100 99 106 107 
1.00
16
0
101 97 93 94 95 102 
1.00
15
0
126 124 123 131 132 
1.00
6
0
79 78 72 80 
1.00
15
0
87 86 79 80 88 
1.00
16
0
39 33 31 32 37 40 
1.00
16
0
47 41 39 40 45 48 
1.00
0
186 0
0
194 0
0
199 0
0
201 0
0
186 1
0
194 1
0
199 1
0
201 1
2
0 1 -0.698297940680000
2
1 1 -2.456444896725000
2
2 1 -3.604010631970001
2
5 1 -2.839447170625000
2
6 1 -0.401799360000000
