0
202 100 1 23
1
2.00 0.30
2
1.0000 1.0000
2
0.9059 1.0000
2
0.7964 1.0000
2
0.7033 1.0000
2
0.8967 0.9156
2
0.9318 0.8816
2
1.0000 0.8831
2
1.0000 0.7649
2
0.7996 0.9125
2
0.8199 0.8968
2
0.7182 0.8918
2
0.6964 0.9160
2
0.6099 0.9105
2
0.5978 1.0000
2
0.5105 1.0000
2
0.8236 0.8186
2
0.8935 0.7972
2
0.9081 0.7708
2
1.0000 0.6612
2
0.8831 0.7090
2
0.9198 0.6577
2
1.0000 0.5481
2
1.0000 0.4371
2
1.0000 0.3304
2
1.0000 0.2245
2
0.7835 0.7903
2
0.7114 0.8356
2
0.6698 0.8081
2
0.5907 0.8551
2
0.5868 0.8804
2
0.5049 0.9091
2
0.4704 0.8870
2
0.4023 0.9249
2
0.4029 1.0000
2
1.0000 0.1060
2
1.0000 -0.0000
2
0.7773 0.7394
2
0.8158 0.6988
2
0.8899 0.5954
2
0.9245 0.5475
2
0.7971 0.6307
2
0.8302 0.5924
2
0.8918 0.4832
2
0.9227 0.4377
2
0.8917 0.3758
2
0.9189 0.3300
2
0.8926 0.2771
2
0.9284 0.2209
2
0.9022 0.1768
2
0.9375 0.1106
2
0.7050 0.7131
2
0.6611 0.7540
2
0.5457 0.7870
2
0.6014 0.7318
2
0.5151 0.7822
2
0.4621 0.8287
2
0.4038 0.8036
2
0.3457 0.8514
2
0.3463 0.8863
2
0.2935 0.9258
2
0.2925 1.0000
2
0.1910 1.0000
2
0.8930 0.0667
2
0.8982 -0.0000
2
0.6962 0.6537
2
0.7271 0.6208
2
0.8306 0.4841
2
0.8020 0.5197
2
0.7423 0.5192
2
0.7126 0.5545
2
0.8197 0.3792
2
0.8006 0.4082
2
0.8294 0.2707
2
0.7946 0.3091
2
0.8092 0.2008
2
0.8382 0.1692
2
0.8233 0.1007
2
0.5854 0.6739
2
0.6246 0.6373
2
0.4820 0.7120
2
0.5323 0.6609
2
0.4378 0.7043
2
0.3917 0.7453
2
0.3409 0.7288
2
0.2835 0.8027
2
0.2838 0.7754
2
0.2184 0.8525
2
0.2170 0.8853
2
0.1870 0.9140
2
0.1010 0.9018
2
0.0828 1.0000
2
-0.0000 1.0000
2
0.7906 0.0829
2
0.7827 -0.0000
2
0.6125 0.5592
2
0.6323 0.5421
2
0.7241 0.4179
2
0.6351 0.4612
2
0.7102 0.4431
2
0.6926 0.3449
2
0.7401 0.3021
2
0.7137 0.2212
2
0.7411 0.1935
2
0.7267 0.1154
2
0.6627 0.3392
2
0.5494 0.5513
2
0.5096 0.6044
2
0.4124 0.6328
2
0.4457 0.5951
2
0.3512 0.6281
2
0.3216 0.6655
2
0.2549 0.6615
2
0.2254 0.7257
2
0.1611 0.7991
2
0.1861 0.7345
2
0.1111 0.8114
2
0.0849 0.8797
2
-0.0000 0.8788
2
0.6858 0.0965
2
0.6897 -0.0000
2
0.5983 0.4318
2
0.5227 0.4993
2
0.5445 0.4514
2
0.6043 0.3798
2
0.6529 0.2206
2
0.6260 0.2662
2
0.6255 0.1750
2
0.6473 0.1116
2
0.5622 0.2755
2
0.5426 0.3302
2
0.4258 0.5261
2
0.4459 0.5014
2
0.3568 0.5230
2
0.3266 0.5644
2
0.2274 0.6172
2
0.2620 0.5609
2
0.1323 0.6836
2
0.1756 0.6150
2
0.1066 0.6856
2
0.0593 0.7556
2
-0.0000 0.7582
2
0.5858 0.0710
2
0.5858 -0.0000
2
0.4904 0.3506
2
0.4290 0.4228
2
0.4814 0.3887
2
0.5205 0.2199
2
0.5469 0.1761
2
0.5255 0.1113
2
0.4436 0.3019
2
0.4769 0.2257
2
0.3786 0.4080
2
0.3321 0.4625
2
0.2742 0.4530
2
0.2332 0.5050
2
0.1367 0.5597
2
0.1837 0.5001
2
0.1043 0.5579
2
0.0484 0.6259
2
-0.0000 0.6263
2
0.4849 0.0953
2
0.4823 -0.0000
2
0.3603 0.3619
2
0.3904 0.3059
2
0.4278 0.1838
2
0.4429 0.1152
2
0.3788 0.1987
2
0.3579 0.2589
2
0.2823 0.3520
2
0.2507 0.3939
2
0.1487 0.4381
2
0.1886 0.3883
2
0.1052 0.4359
2
0.0568 0.4968
2
-0.0000 0.4960
2
0.3820 0.0789
2
0.3843 -0.0000
2
0.2641 0.2857
2
0.2809 0.2631
2
0.3222 0.1513
2
0.3235 0.1126
2
0.2662 0.1929
2
0.1595 0.3200
2
0.1884 0.2843
2
0.1049 0.3189
2
0.0629 0.3717
2
-0.0000 0.3714
2
0.2787 0.0775
2
0.2789 -0.0000
2
0.1658 0.2092
2
0.2091 0.1708
2
0.2020 0.1087
2
0.1106 0.2000
2
0.0658 0.2482
2
-0.0000 0.2457
2
0.1794 0.0912
2
0.1796 -0.0000
2
0.0826 0.1235
2
0.0973 0.1050
2
-0.0000 0.1261
2
0.0774 0.0000
2
-0.0000 0.0000
15
0
142 119 118 127 141 
1.00
16
0
85 83 82 56 57 84 
1.00
15
0
119 93 92 103 118 
1.00
15
0
176 161 160 165 175 
1.00
16
0
133 132 130 108 107 109 
1.00
15
0
63 35 34 49 62 
1.00
15
0
15 16 5 4 9 
1.00
17
0
55 54 52 28 29 30 31 
1.00
16
0
64 65 40 37 36 50 
1.00
16
0
146 147 126 124 125 128 
1.00
16
0
138 136 114 113 115 139 
1.00
16
0
135 133 109 110 111 134 
1.00
15
0
30 29 12 13 14 
1.00
16
0
137 134 111 112 114 136 
1.00
17
0
36 37 19 17 16 15 25 
1.00
16
0
173 172 170 156 155 157 
1.00
16
0
170 171 169 153 154 156 
1.00
17
0
115 113 86 87 88 89 116 
1.00
15
0
196 188 187 191 195 
1.00
16
0
180 175 165 164 166 179 
1.00
16
0
191 187 180 179 181 190 
1.00
16
0
71 70 44 43 42 66 
1.00
16
0
57 56 55 31 32 58 
1.00
16
0
114 112 85 84 86 113 
1.00
15
0
93 63 62 76 92 
1.00
15
0
44 45 23 22 43 
1.00
16
0
130 131 121 105 106 108 
1.00
15
0
174 173 157 158 159 
1.00
15
0
111 110 83 85 112 
1.00
16
0
110 109 107 81 82 83 
1.00
15
0
128 125 104 123 129 
1.00
16
0
154 153 152 132 133 135 
1.00
15
0
161 142 141 148 160 
1.00
15
0
8 9 4 1 2 
1.00
16
0
189 190 181 178 177 183 
1.00
15
0
199 197 192 193 194 
1.00
16
0
169 168 162 151 152 153 
1.00
15
0
181 179 166 167 178 
1.00
15
0
144 145 122 121 131 
1.00
16
0
145 143 129 123 120 122 
1.00
15
0
117 116 89 90 91 
1.00
15
0
88 87 59 60 61 
1.00
16
0
103 92 76 75 74 102 
1.00
15
0
140 139 115 116 117 
1.00
16
0
74 75 48 47 46 72 
1.00
15
0
97 98 68 69 95 
1.00
17
0
121 122 120 97 95 94 105 
1.00
17
0
28 27 26 10 11 12 29 
1.00
16
0
185 184 182 171 170 172 
1.00
15
0
32 31 30 14 33 
1.00
15
0
47 24 23 45 46 
1.00
15
0
52 53 51 27 28 
1.00
16
0
79 80 77 53 52 54 
1.00
16
0
156 154 135 134 137 155 
1.00
16
0
82 81 79 54 55 56 
1.00
16
0
77 78 64 50 51 53 
1.00
17
0
127 118 103 102 101 124 126 
1.00
15
0
188 176 175 180 187 
1.00
15
0
59 58 32 33 60 
1.00
15
0
49 34 24 47 48 
1.00
15
0
201 200 198 197 199 
1.00
16
0
67 66 42 39 38 41 
1.00
15
0
4 5 6 0 1 
1.00
16
0
40 41 38 20 19 37 
1.00
16
0
193 192 189 183 182 184 
1.00
16
0
182 183 177 168 169 171 
1.00
16
0
152 151 144 131 130 132 
1.00
15
0
11 10 8 2 3 
1.00
17
0
197 198 195 191 190 189 192 
1.00
16
0
26 25 15 9 8 10 
1.00
15
0
159 158 138 139 140 
1.00
17
0
123 104 99 96 98 97 120 
1.00
16
0
150 146 128 129 143 149 
1.00
16
0
98 96 71 66 67 68 
1.00
16
0
94 95 69 65 64 78 
1.00
15
0
76 62 49 48 75 
1.00
15
0
38 39 21 18 20 
1.00
16
0
177 178 167 163 162 168 
1.00
16
0
99 100 73 70 71 96 
1.00
16
0
157 155 137 136 138 158 
1.00
15
0
194 193 184 185 186 
1.00
16
0
101 102 74 72 73 100 
1.00
16
0
106 105 94 78 77 80 
1.00
17
0
162 163 149 143 145 144 151 
1.00
15
0
16 17 7 6 5 
1.00
6
0
12 11 3 13 
1.00
16
0
51 50 36 25 26 27 
1.00
16
0
73 72 46 45 44 70 
1.00
16
0
69 68 67 41 40 65 
1.00
15
0
148 141 127 126 147 
1.00
6
0
89 88 61 90 
1.00
16
0
86 84 57 58 59 87 
1.00
15
0
19 20 18 7 17 
1.00
15
0
186 185 172 173 174 
1.00
16
0
107 108 106 80 79 81 
1.00
6
0
200 196 195 198 
1.00
15
0
42 43 22 21 39 
1.00
16
0
125 124 101 100 99 104 
1.00
17
0
165 160 148 147 146 150 164 
1.00
16
0
166 164 150 149 163 167 
1.00
0
63 1
0
93 1
0
119 1
0
142 1
0
161 1
0
176 1
0
188 1
0
196 1
0
200 1
0
201 1
0
35 0
0
35 1
1
0 1 0.5000
1
1 1 0.5000
1
2 1 0.5000
1
3 1 0.5000
1
13 1 0.5000
1
14 1 0.5000
1
33 1 0.5000
1
60 1 0.5000
1
61 1 0.5000
1
90 1 0.5000
1
91 1 0.5000
