0
402 200 1 32
1
2.00 0.30
2
-0.0000 -0.0000
2
0.0576 -0.0000
2
0.0590 0.0742
2
-0.0000 0.0767
2
0.1180 -0.0000
2
0.0636 0.0775
2
0.1178 0.0697
2
0.0668 0.1458
2
-0.0000 0.1535
2
-0.0000 0.2201
2
0.1798 -0.0000
2
0.2436 -0.0000
2
0.3074 -0.0000
2
0.1333 0.0803
2
0.1800 0.0658
2
0.1349 0.1320
2
0.0803 0.1560
2
0.0857 0.1963
2
0.0579 0.2272
2
0.0727 0.2717
2
0.0441 0.3047
2
-0.0000 0.3052
2
0.3758 -0.0000
2
0.2063 0.0812
2
0.2442 0.0643
2
0.2768 0.0796
2
0.3102 0.0619
2
0.3406 0.0743
2
0.3759 0.0546
2
0.1671 0.1532
2
0.2068 0.1293
2
0.1683 0.1919
2
0.1375 0.2163
2
0.4443 -0.0000
2
-0.0000 0.3847
2
-0.0000 0.4546
2
-0.0000 0.5309
2
0.1397 0.2640
2
0.1176 0.2806
2
0.1211 0.3403
2
0.0759 0.3551
2
0.0637 0.3807
2
0.4416 0.0615
2
0.4118 0.0741
2
0.2506 0.1523
2
0.2785 0.1305
2
0.3325 0.1466
2
0.3488 0.1290
2
0.4040 0.1294
2
0.2143 0.2152
2
0.2511 0.1865
2
0.1841 0.2792
2
0.2171 0.2539
2
0.4758 0.0792
2
0.5079 0.0628
2
0.5082 -0.0000
2
0.0821 0.4193
2
0.0579 0.4572
2
0.0768 0.4963
2
0.0520 0.5327
2
0.0725 0.5712
2
0.0460 0.6097
2
-0.0000 0.6113
2
-0.0000 0.6865
2
-0.0000 0.7562
2
0.1457 0.3538
2
0.1909 0.3273
2
0.1532 0.3999
2
0.1297 0.4247
2
0.4196 0.1463
2
0.4753 0.1283
2
0.3359 0.1852
2
0.2975 0.2155
2
0.4175 0.1807
2
0.3765 0.2068
2
0.2977 0.2439
2
0.2591 0.2739
2
0.2222 0.3421
2
0.2641 0.3138
2
0.5722 -0.0000
2
0.6320 -0.0000
2
0.5482 0.1264
2
0.5017 0.1489
2
0.5483 0.0802
2
0.5719 0.0647
2
0.6951 -0.0000
2
-0.0000 0.8381
2
0.1214 0.5001
2
0.1434 0.4763
2
0.1363 0.5522
2
0.1122 0.5750
2
0.1274 0.6333
2
0.0768 0.6522
2
0.0662 0.6839
2
0.0812 0.7100
2
0.0570 0.7599
2
0.0742 0.7868
2
0.0463 0.8383
2
0.2299 0.3863
2
0.2041 0.4120
2
0.2131 0.4586
2
0.1907 0.4821
2
0.4584 0.2131
2
0.5014 0.1861
2
0.4570 0.2406
2
0.3794 0.2532
2
0.3446 0.2765
2
0.4159 0.2684
2
0.3417 0.3021
2
0.2960 0.3305
2
0.2784 0.3990
2
0.3031 0.3731
2
0.6239 0.0784
2
0.6349 0.0687
2
0.6913 0.0691
2
0.5388 0.2120
2
0.6245 0.1262
2
0.5806 0.1912
2
0.5813 0.1489
2
0.7030 0.0795
2
0.7540 0.0663
2
0.7546 -0.0000
2
0.8172 -0.0000
2
0.8782 -0.0000
2
-0.0000 0.9247
2
-0.0000 1.0000
2
0.0738 0.8693
2
0.0519 0.9198
2
0.1767 0.5584
2
0.2034 0.5327
2
0.1459 0.6417
2
0.1912 0.6077
2
0.1308 0.7180
2
0.1581 0.6794
2
0.1179 0.7933
2
0.1444 0.7511
2
0.1066 0.8670
2
0.1311 0.8190
2
0.2625 0.4679
2
0.2871 0.4406
2
0.2737 0.5124
2
0.2467 0.5406
2
0.5357 0.2577
2
0.4964 0.2728
2
0.4160 0.3358
2
0.4859 0.3151
2
0.4262 0.3211
2
0.3785 0.3408
2
0.3538 0.3848
2
0.3365 0.4520
2
0.3651 0.4121
2
0.6590 0.1486
2
0.7012 0.1268
2
0.5678 0.2807
2
0.5702 0.3104
2
0.6155 0.2520
2
0.6152 0.2151
2
0.6586 0.1910
2
0.7371 0.1511
2
0.7787 0.1310
2
0.7801 0.0831
2
0.8171 0.0665
2
0.8546 0.0828
2
0.8820 0.0644
2
0.9345 0.0774
2
0.9479 -0.0000
2
1.0000 -0.0000
2
0.0832 0.9520
2
0.0791 1.0000
2
0.1375 0.8996
2
0.1352 0.9271
2
0.2249 0.6187
2
0.2600 0.5866
2
0.2091 0.6919
2
0.2367 0.6609
2
0.2188 0.7331
2
0.2046 0.8032
2
0.1950 0.7606
2
0.1874 0.8737
2
0.1791 0.8294
2
0.3484 0.4861
2
0.3188 0.5220
2
0.3325 0.5619
2
0.2984 0.5967
2
0.5106 0.3482
2
0.5237 0.3496
2
0.4738 0.3928
2
0.4106 0.4225
2
0.4398 0.3896
2
0.4226 0.4608
2
0.3933 0.4969
2
0.5582 0.3934
2
0.6096 0.3375
2
0.6029 0.3837
2
0.7347 0.1956
2
0.6961 0.2158
2
0.6516 0.2783
2
0.6477 0.3205
2
0.6933 0.2584
2
0.7742 0.2203
2
0.8573 0.1338
2
0.8097 0.2008
2
0.8123 0.1532
2
0.8799 0.1479
2
0.9251 0.1355
2
0.9399 0.0842
2
1.0000 0.0864
2
0.1690 0.9593
2
0.1690 1.0000
2
0.2142 0.8891
2
0.2194 0.9272
2
0.2821 0.6713
2
0.3126 0.6400
2
0.2700 0.7438
2
0.2947 0.7180
2
0.2786 0.7900
2
0.2592 0.8605
2
0.2517 0.8157
2
0.3699 0.5717
2
0.4063 0.5336
2
0.3505 0.6484
2
0.3860 0.6134
2
0.5418 0.4351
2
0.4988 0.4378
2
0.4751 0.4734
2
0.4838 0.5025
2
0.4427 0.5450
2
0.5672 0.4662
2
0.6281 0.4073
2
0.6241 0.4461
2
0.6815 0.3458
2
0.6763 0.3903
2
0.7281 0.2837
2
0.7715 0.2650
2
0.7237 0.3292
2
0.8017 0.2873
2
0.8555 0.2261
2
0.8505 0.2692
2
0.8819 0.2098
2
0.9240 0.2209
2
0.9587 0.1708
2
1.0000 0.1703
2
0.2519 0.9486
2
0.2544 1.0000
2
0.2915 0.8768
2
0.2969 0.9220
2
0.3387 0.7253
2
0.3678 0.6950
2
0.3277 0.8028
2
0.3549 0.7764
2
0.3350 0.8494
2
0.4184 0.6216
2
0.4582 0.5838
2
0.4361 0.6634
2
0.4059 0.7009
2
0.5229 0.5217
2
0.5633 0.4976
2
0.4861 0.5924
2
0.5254 0.5635
2
0.6011 0.5283
2
0.6513 0.4744
2
0.6461 0.5117
2
0.7089 0.4180
2
0.7031 0.4563
2
0.7486 0.4011
2
0.7553 0.3531
2
0.7994 0.3386
2
0.8218 0.3545
2
0.8810 0.2980
2
0.8657 0.3450
2
0.9200 0.2915
2
0.9409 0.2536
2
1.0000 0.2554
2
0.3304 0.9405
2
0.3308 1.0000
2
0.3701 0.8671
2
0.3668 0.9219
2
0.3966 0.7819
2
0.4245 0.7390
2
0.4003 0.8540
2
0.4136 0.8116
2
0.4781 0.6697
2
0.5026 0.6388
2
0.4679 0.7434
2
0.4939 0.7100
2
0.5933 0.5805
2
0.5698 0.5886
2
0.5501 0.6429
2
0.6212 0.5965
2
0.6755 0.5406
2
0.6709 0.5756
2
0.7258 0.5229
2
0.7325 0.4871
2
0.7836 0.4701
2
0.7910 0.4301
2
0.8193 0.4152
2
0.8616 0.4298
2
0.8981 0.3800
2
0.9210 0.3803
2
0.9520 0.3362
2
1.0000 0.3353
2
0.4068 0.9437
2
0.4066 1.0000
2
0.4454 0.8864
2
0.4443 0.9207
2
0.4884 0.7928
2
0.4768 0.8102
2
0.4858 0.8581
2
0.5660 0.6660
2
0.5402 0.7170
2
0.5319 0.7881
2
0.5528 0.7389
2
0.6086 0.6699
2
0.6298 0.6483
2
0.6812 0.6549
2
0.6999 0.6051
2
0.7382 0.5999
2
0.7553 0.5553
2
0.8137 0.5030
2
0.7948 0.5493
2
0.8749 0.4596
2
0.8531 0.4980
2
0.9242 0.4641
2
0.9508 0.4197
2
1.0000 0.4195
2
0.4844 0.9459
2
0.4841 1.0000
2
0.5220 0.8747
2
0.5246 0.9224
2
0.5600 0.8513
2
0.5628 0.8209
2
0.6259 0.7235
2
0.6053 0.7465
2
0.6147 0.7944
2
0.6725 0.7263
2
0.6934 0.6741
2
0.7422 0.6785
2
0.7655 0.6324
2
0.8010 0.6307
2
0.8252 0.5846
2
0.8831 0.5416
2
0.8589 0.5819
2
0.9213 0.5393
2
0.9448 0.5007
2
1.0000 0.5016
2
0.5616 0.9427
2
0.5619 1.0000
2
0.6020 0.8813
2
0.5997 0.9210
2
0.6421 0.8099
2
0.6418 0.8591
2
0.6760 0.7947
2
0.6879 0.7473
2
0.7607 0.7097
2
0.7401 0.7465
2
0.8034 0.7113
2
0.8285 0.6661
2
0.8634 0.6652
2
0.8896 0.6235
2
0.9230 0.6220
2
0.9490 0.5822
2
1.0000 0.5813
2
0.6390 0.9462
2
0.6390 1.0000
2
0.6795 0.8818
2
0.6818 0.9210
2
0.7246 0.8510
2
0.7228 0.8258
2
0.7606 0.7880
2
0.7955 0.7940
2
0.8249 0.7439
2
0.8640 0.7467
2
0.8916 0.7061
2
0.9240 0.7060
2
0.9526 0.6651
2
1.0000 0.6647
2
0.7161 0.9424
2
0.7156 1.0000
2
0.7605 0.8764
2
0.7566 0.9228
2
0.7975 0.8617
2
0.8108 0.8179
2
0.8862 0.7872
2
0.8653 0.8195
2
0.9258 0.7875
2
0.9531 0.7496
2
1.0000 0.7493
2
0.7915 0.9468
2
0.7929 1.0000
2
0.8435 0.9176
2
0.8433 0.9002
2
0.8815 0.8616
2
0.9208 0.8702
2
0.9520 0.8339
2
1.0000 0.8361
2
0.8672 0.9409
2
0.8636 1.0000
2
0.9376 0.9181
2
0.9285 0.9310
2
1.0000 0.9168
2
0.9402 1.0000
2
1.0000 1.0000
17
0
248 249 277 280 279 275 250 
1.00
15
0
36 59 60 61 62 
1.00
16
0
327 329 347 348 345 328 
1.00
16
0
246 247 254 278 277 249 
1.00
16
0
289 291 317 316 315 290 
1.00
15
0
352 354 368 367 351 
1.00
16
0
347 350 364 365 362 348 
1.00
15
0
124 127 167 168 125 
1.00
15
0
1 4 6 5 2 
1.00
16
0
217 215 248 250 244 216 
1.00
15
0
257 258 286 287 282 
1.00
15
0
325 328 345 346 326 
1.00
16
0
149 150 187 189 190 180 
1.00
15
0
267 269 297 296 295 
1.00
16
0
354 353 355 370 369 368 
1.00
15
0
240 241 272 271 239 
1.00
17
0
224 223 222 227 256 255 225 
1.00
15
0
242 245 273 274 243 
1.00
15
0
62 61 92 93 63 
1.00
16
0
330 333 349 350 347 329 
1.00
16
0
370 371 382 383 381 369 
1.00
16
0
181 180 190 219 218 182 
1.00
17
0
41 40 39 65 67 68 56 
1.00
16
0
173 174 211 214 213 175 
1.00
16
0
16 15 29 31 32 17 
1.00
16
0
171 172 183 212 211 174 
1.00
16
0
220 221 251 253 254 247 
1.00
16
0
254 253 281 284 283 278 
1.00
16
0
275 279 303 304 301 276 
1.00
6
0
395 398 400 396 
1.00
16
0
278 283 305 306 280 277 
1.00
15
0
359 360 361 375 374 
1.00
15
0
345 348 362 363 346 
1.00
15
0
342 343 344 361 360 
1.00
15
0
10 11 24 23 14 
1.00
16
0
151 152 158 194 195 157 
1.00
16
0
209 216 244 245 242 210 
1.00
16
0
228 231 262 263 260 229 
1.00
17
0
367 368 369 381 380 378 366 
1.00
15
0
20 19 38 39 40 
1.00
16
0
128 129 141 172 171 131 
1.00
16
0
130 131 171 174 173 133 
1.00
15
0
85 121 120 119 114 
1.00
16
0
358 359 374 373 372 357 
1.00
16
0
110 111 148 150 149 139 
1.00
15
0
122 123 163 162 161 
1.00
16
0
260 263 292 291 289 261 
1.00
15
0
21 20 40 41 34 
1.00
16
0
83 84 112 116 118 81 
1.00
16
0
72 71 74 105 106 75 
1.00
15
0
205 206 241 240 204 
1.00
15
0
9 18 19 20 21 
1.00
15
0
33 55 54 53 42 
1.00
16
0
183 182 218 221 220 212 
1.00
17
0
143 142 153 154 185 184 145 
1.00
16
0
318 321 340 341 339 319 
1.00
16
0
211 212 220 247 246 214 
1.00
17
0
294 295 296 320 321 318 293 
1.00
16
0
190 189 224 225 226 219 
1.00
15
0
35 57 58 59 36 
1.00
16
0
32 31 49 52 51 37 
1.00
16
0
262 264 294 293 292 263 
1.00
15
0
280 306 307 303 279 
1.00
15
0
137 179 178 169 136 
1.00
16
0
51 52 76 78 77 66 
1.00
16
0
156 157 195 198 196 155 
1.00
16
0
90 89 128 131 130 91 
1.00
16
0
315 316 337 336 335 314 
1.00
16
0
68 67 99 100 101 88 
1.00
17
0
236 238 239 271 270 268 237 
1.00
15
0
207 210 242 243 208 
1.00
16
0
160 161 162 200 202 159 
1.00
16
0
29 30 44 50 49 31 
1.00
16
0
49 50 72 75 76 52 
1.00
16
0
18 17 32 37 38 19 
1.00
17
0
286 285 288 313 312 308 287 
1.00
16
0
259 261 289 290 288 285 
1.00
15
0
79 80 113 112 84 
1.00
15
0
273 276 301 302 274 
1.00
16
0
312 313 314 335 334 331 
1.00
17
0
332 331 334 352 351 349 333 
1.00
16
0
119 120 160 159 158 152 
1.00
16
0
349 351 367 366 364 350 
1.00
15
0
398 397 399 401 400 
1.00
15
0
167 170 207 208 168 
1.00
16
0
378 380 390 389 387 379 
1.00
16
0
177 175 213 215 217 176 
1.00
15
0
60 90 91 92 61 
1.00
16
0
118 116 151 157 156 117 
1.00
16
0
187 188 186 223 224 189 
1.00
16
0
69 70 82 103 102 73 
1.00
6
0
80 85 114 113 
1.00
15
0
387 389 395 396 388 
1.00
16
0
76 75 106 108 109 78 
1.00
16
0
196 198 232 234 230 197 
1.00
16
0
144 146 145 184 186 188 
1.00
16
0
297 298 323 322 320 296 
1.00
16
0
356 357 372 371 370 355 
1.00
15
0
11 12 26 25 24 
1.00
15
0
311 332 333 330 310 
1.00
16
0
255 256 259 285 286 258 
1.00
17
0
306 305 310 330 329 327 307 
1.00
16
0
268 270 299 298 297 269 
1.00
16
0
99 98 110 139 138 100 
1.00
16
0
25 26 27 47 46 45 
1.00
16
0
38 37 51 66 65 39 
1.00
15
0
373 374 375 386 385 
1.00
16
0
230 234 265 264 262 231 
1.00
16
0
303 307 327 328 325 304 
1.00
17
0
112 113 114 119 152 151 116 
1.00
15
0
301 304 325 326 302 
1.00
16
0
227 229 260 261 259 256 
1.00
16
0
281 282 287 308 309 284 
1.00
15
0
376 379 387 388 377 
1.00
15
0
185 154 192 193 191 
1.00
15
0
299 300 324 323 298 
1.00
16
0
87 88 101 129 128 89 
1.00
15
0
63 93 94 95 64 
1.00
15
0
64 95 96 97 86 
1.00
15
0
3 2 5 7 8 
1.00
16
0
74 73 102 104 107 105 
1.00
16
0
186 184 185 191 222 223 
1.00
15
0
27 28 43 48 47 
1.00
16
0
292 293 318 319 317 291 
1.00
16
0
192 197 230 231 228 193 
1.00
16
0
199 201 236 237 235 233 
1.00
15
0
203 204 240 239 238 
1.00
15
0
392 393 394 399 397 
1.00
17
0
92 91 130 133 132 94 93 
1.00
16
0
57 56 68 88 87 58 
1.00
16
0
364 366 378 379 376 365 
1.00
16
0
8 7 16 17 18 9 
1.00
16
0
283 284 309 311 310 305 
1.00
16
0
308 312 331 332 311 309 
1.00
16
0
340 342 360 359 358 341 
1.00
16
0
82 81 118 117 115 103 
1.00
16
0
141 140 181 182 183 172 
1.00
16
0
232 233 235 266 265 234 
1.00
16
0
195 194 199 233 232 198 
1.00
16
0
115 117 156 155 153 142 
1.00
16
0
244 250 275 276 273 245 
1.00
16
0
5 6 13 15 16 7 
1.00
16
0
153 155 196 197 192 154 
1.00
16
0
23 24 25 45 44 30 
1.00
15
0
34 41 56 57 35 
1.00
15
0
121 122 161 160 120 
1.00
16
0
169 178 209 210 207 170 
1.00
16
0
102 103 115 142 143 104 
1.00
16
0
158 159 202 201 199 194 
1.00
17
0
106 105 107 146 144 147 108 
1.00
16
0
265 266 267 295 294 264 
1.00
17
0
46 47 48 69 73 74 71 
1.00
15
0
362 365 376 377 363 
1.00
16
0
235 237 268 269 267 266 
1.00
15
0
107 104 143 145 146 
1.00
6
0
0 1 2 3 
1.00
16
0
77 78 109 111 110 98 
1.00
15
0
22 33 42 43 28 
1.00
16
0
101 100 138 140 141 129 
1.00
16
0
132 133 173 175 177 135 
1.00
16
0
339 341 358 357 356 338 
1.00
16
0
43 42 53 70 69 48 
1.00
6
0
123 165 164 163 
1.00
16
0
213 214 246 249 248 215 
1.00
17
0
390 391 392 397 398 395 389 
1.00
16
0
138 139 149 180 181 140 
1.00
17
0
162 163 164 205 204 203 200 
1.00
15
0
381 383 391 390 380 
1.00
15
0
109 108 147 148 111 
1.00
16
0
65 66 77 98 99 67 
1.00
16
0
383 382 384 393 392 391 
1.00
15
0
165 166 206 205 164 
1.00
15
0
12 22 28 27 26 
1.00
15
0
288 290 315 314 313 
1.00
16
0
218 219 226 252 251 221 
1.00
16
0
321 320 322 343 342 340 
1.00
16
0
337 338 356 355 353 336 
1.00
16
0
94 132 135 134 96 95 
1.00
15
0
384 385 386 394 393 
1.00
15
0
270 271 272 300 299 
1.00
16
0
251 252 257 282 281 253 
1.00
15
0
323 324 344 343 322 
1.00
16
0
191 193 228 229 227 222 
1.00
15
0
4 10 14 13 6 
1.00
16
0
179 176 217 216 209 178 
1.00
16
0
147 144 188 187 150 148 
1.00
16
0
317 319 339 338 337 316 
1.00
16
0
371 372 373 385 384 382 
1.00
16
0
202 200 203 238 236 201 
1.00
16
0
44 45 46 71 72 50 
1.00
16
0
226 225 255 258 257 252 
1.00
16
0
59 58 87 89 90 60 
1.00
16
0
126 136 169 170 167 127 
1.00
16
0
96 134 137 136 126 97 
1.00
16
0
335 336 353 354 352 334 
1.00
15
0
55 79 84 83 54 
1.00
16
0
13 14 23 30 29 15 
1.00
16
0
53 54 83 81 82 70 
1.00
16
0
135 177 176 179 137 134 
1.00
15
0
86 97 126 127 124 
1.00
0
0 1
0
1 1
0
4 1
0
10 1
0
11 1
0
12 1
0
22 1
0
33 1
0
55 1
0
79 1
0
80 1
0
85 1
0
121 1
0
122 1
0
123 1
0
165 1
0
166 0
0
166 1
1
125 1 0.5000
1
168 1 0.5000
1
208 1 0.5000
1
243 1 0.5000
1
274 1 0.5000
1
302 1 0.5000
1
326 1 0.5000
1
346 1 0.5000
1
363 1 0.5000
1
377 1 0.5000
1
388 1 0.5000
1
396 1 0.5000
1
400 1 0.5000
1
401 1 0.5000
