0
102 50 1 17
1
2.00 0.30
2
1.0000 0.0000
2
0.8499 0.0000
2
0.8634 0.1333
2
1.0000 0.1317
2
0.7158 0.0000
2
0.5571 0.0000
2
0.7059 0.1093
2
0.8390 0.1624
2
0.7681 0.1698
2
0.8881 0.2756
2
1.0000 0.2727
2
0.0000 -0.0000
2
0.4181 0.0000
2
0.2686 0.0000
2
0.1408 -0.0000
2
0.4136 0.1117
2
0.5645 0.1351
2
0.4763 0.1618
2
0.5924 0.1515
2
0.6208 0.2595
2
0.7203 0.2643
2
0.7629 0.3355
2
0.8447 0.3348
2
0.8923 0.4256
2
1.0000 0.4272
2
0.1303 0.1161
2
0.0000 0.1335
2
0.1714 0.1606
2
0.3096 0.1545
2
0.2749 0.1320
2
0.4523 0.2651
2
0.3266 0.2595
2
0.4794 0.3048
2
0.5851 0.3050
2
0.6232 0.4118
2
0.7201 0.4053
2
0.7700 0.4982
2
0.8392 0.5018
2
0.8848 0.5781
2
1.0000 0.5806
2
1.0000 0.7274
2
1.0000 0.8643
2
1.0000 1.0000
2
0.1527 0.2510
2
0.0000 0.2409
2
0.2947 0.3006
2
0.1656 0.2755
2
0.3051 0.3663
2
0.4458 0.4019
2
0.3997 0.4179
2
0.5949 0.4526
2
0.5237 0.4657
2
0.7068 0.5704
2
0.7520 0.6638
2
0.6489 0.5633
2
0.8349 0.6701
2
0.8715 0.7254
2
0.8360 0.8300
2
0.8683 0.8677
2
0.8484 1.0000
2
0.1309 0.3727
2
0.0000 0.3709
2
0.1647 0.4332
2
0.2362 0.4393
2
0.2899 0.5403
2
0.3659 0.5238
2
0.4448 0.5889
2
0.4824 0.5769
2
0.5767 0.6264
2
0.5853 0.7094
2
0.7275 0.8339
2
0.6978 0.7301
2
0.7130 0.8525
2
0.7332 1.0000
2
0.1202 0.5056
2
0.0000 0.5026
2
0.2644 0.5830
2
0.1564 0.5931
2
0.4074 0.6798
2
0.3032 0.6817
2
0.5552 0.7418
2
0.4399 0.7321
2
0.5664 0.8585
2
0.5816 0.8715
2
0.5851 1.0000
2
0.1320 0.6338
2
0.0000 0.6384
2
0.2708 0.7287
2
0.1600 0.7322
2
0.3087 0.8401
2
0.3995 0.8359
2
0.4418 0.8824
2
0.4292 1.0000
2
0.1401 0.7611
2
0.0000 0.7612
2
0.2844 0.8691
2
0.1554 0.8670
2
0.2979 1.0000
2
0.1432 0.8827
2
0.0000 0.8808
2
0.1482 1.0000
2
0.0000 1.0000
16
0
46 45 47 63 62 60 
1.00
16
0
4 1 2 7 8 6 
1.00
16
0
95 89 90 91 92 97 
1.00
15
0
91 82 83 84 92 
1.00
16
0
74 62 63 64 76 77 
1.00
16
0
50 34 35 36 52 54 
1.00
17
0
45 31 30 32 48 49 47 
1.00
16
0
72 70 57 58 59 73 
1.00
16
0
33 19 20 21 35 34 
1.00
15
0
18 6 8 20 19 
1.00
15
0
81 80 82 91 90 
1.00
15
0
61 60 62 74 75 
1.00
17
0
27 29 28 31 45 46 43 
1.00
15
0
38 39 40 56 55 
1.00
15
0
13 12 15 28 29 
1.00
16
0
8 7 9 22 21 20 
1.00
6
0
83 72 73 84 
1.00
6
0
58 41 42 59 
1.00
15
0
86 85 88 93 94 
1.00
15
0
12 5 16 17 15 
1.00
15
0
26 25 27 43 44 
1.00
15
0
37 23 24 39 38 
1.00
6
0
99 98 100 101 
1.00
15
0
5 4 6 18 16 
1.00
6
0
1 0 3 2 
1.00
15
0
7 2 3 10 9 
1.00
15
0
94 93 96 98 99 
1.00
17
0
66 67 68 69 80 81 78 
1.00
16
0
76 64 65 66 78 79 
1.00
16
0
52 36 37 38 55 53 
1.00
15
0
51 50 54 68 67 
1.00
15
0
22 9 10 24 23 
1.00
16
0
93 88 87 89 95 96 
1.00
15
0
28 15 17 30 31 
1.00
16
0
85 77 76 79 87 88 
1.00
15
0
14 13 29 27 25 
1.00
16
0
35 21 22 23 37 36 
1.00
16
0
68 54 52 53 71 69 
1.00
17
0
80 69 71 70 72 83 82 
1.00
6
0
11 14 25 26 
1.00
15
0
56 40 41 58 57 
1.00
16
0
71 53 55 56 57 70 
1.00
16
0
49 48 51 67 66 65 
1.00
17
0
17 16 18 19 33 32 30 
1.00
16
0
32 33 34 50 51 48 
1.00
15
0
44 43 46 60 61 
1.00
15
0
63 47 49 65 64 
1.00
15
0
75 74 77 85 86 
1.00
15
0
98 96 95 97 100 
1.00
16
0
87 79 78 81 90 89 
1.00
0
1 1
0
4 1
0
5 1
0
11 1
0
12 1
0
13 1
0
14 1
0
0 0
0
0 1
1
42 1 0.5000
1
59 1 0.5000
1
73 1 0.5000
1
84 1 0.5000
1
92 1 0.5000
1
97 1 0.5000
1
100 1 0.5000
1
101 1 0.5000
