0
798 400 1 2
1
100.00 0.30
2
1.5800 -4.7518
2
2.0825 -4.5531
2
2.5446 -4.3120
2
2.9789 -4.0245
2
3.3854 -3.6889
2
1.0480 -4.8966
2
0.5135 -4.9815
2
1.4797 -4.4591
2
1.1873 -4.3728
2
0.9859 -4.5977
2
1.1284 -4.1635
2
1.6658 -4.2112
2
1.9307 -4.2384
2
3.7723 -3.2938
2
2.0865 -4.0012
2
2.3598 -4.0004
2
2.4923 -3.7596
2
2.7695 -3.7354
2
2.8771 -3.4853
2
3.1681 -3.4396
2
3.2428 -3.1752
2
3.5594 -3.1065
2
-0.0000 -5.0000
2
-0.4849 -4.9829
2
-0.9559 -4.9136
2
-1.4039 -4.8051
2
0.6906 -4.4782
2
0.4846 -4.6387
2
0.2145 -4.5109
2
0.0078 -4.6381
2
4.1166 -2.8516
2
4.3959 -2.3967
2
4.6179 -1.9345
2
4.7926 -1.4482
2
1.5321 -3.9487
2
1.3134 -3.9409
2
0.6717 -4.1949
2
0.8467 -4.0726
2
1.1429 -3.6498
2
0.8367 -3.7382
2
1.9351 -3.7297
2
1.6831 -3.7372
2
3.5810 -2.7806
2
3.8711 -2.6874
2
2.3224 -3.4963
2
2.0707 -3.5177
2
2.6996 -3.2424
2
2.4472 -3.2764
2
2.8069 -3.0209
2
3.0737 -2.9710
2
3.1514 -2.7525
2
3.4418 -2.6766
2
-0.2604 -4.4998
2
-0.4495 -4.6007
2
-2.2145 -4.4902
2
-1.8769 -4.6414
2
-1.1813 -4.3823
2
-0.7231 -4.4555
2
-1.6640 -4.2945
2
-0.8893 -4.5398
2
-1.3283 -4.4686
2
0.2130 -4.2121
2
0.4107 -4.0844
2
-0.0594 -4.0857
2
-0.2349 -4.1832
2
3.8720 -2.3486
2
4.0712 -2.2275
2
4.0707 -1.9619
2
4.2933 -1.7983
2
4.2490 -1.5099
2
4.4706 -1.3440
2
4.0452 -1.4290
2
4.4125 -1.0419
2
4.5845 -0.8829
2
4.9187 -0.9356
2
4.9841 -0.4692
2
1.2144 -3.4896
2
1.5254 -3.4482
2
0.6813 -3.6334
2
0.3986 -3.7975
2
0.6606 -3.4318
2
1.0680 -3.2342
2
0.8659 -3.2184
2
1.6320 -3.2576
2
1.8983 -3.2320
2
3.5991 -2.2409
2
3.4474 -2.3455
2
2.0278 -3.0198
2
2.2622 -2.9999
2
2.7761 -2.5169
2
2.6188 -2.7552
2
2.4075 -2.7693
2
3.1520 -2.2543
2
2.9734 -2.5149
2
-2.6522 -4.2456
2
-2.0986 -4.1159
2
-2.4290 -3.9448
2
-0.5126 -4.0469
2
-0.6842 -4.1407
2
-1.6894 -4.1795
2
-1.9507 -4.0444
2
-0.9713 -3.9940
2
-1.4463 -3.9478
2
-1.1492 -4.1059
2
-0.0360 -3.7622
2
0.1637 -3.6629
2
-0.4852 -3.7324
2
-0.2860 -3.6298
2
3.5891 -1.9256
2
3.7535 -1.7906
2
3.7626 -1.6101
2
3.5456 -1.4051
2
4.1056 -0.9639
2
3.9679 -1.1077
2
3.6799 -1.0863
2
4.0677 -0.7281
2
4.4687 -0.5068
2
4.3690 -0.4909
2
4.6116 -0.4086
2
4.6250 0.0003
2
5.0049 0.0251
2
1.4706 -2.9870
2
1.2416 -2.9877
2
0.1964 -3.3500
2
0.3514 -3.2694
2
0.7028 -2.9141
2
0.4143 -2.9822
2
0.7819 -2.7561
2
1.0782 -2.7202
2
1.8521 -2.7435
2
1.6277 -2.7504
2
3.2599 -1.8325
2
3.0888 -2.0808
2
2.0111 -2.5069
2
2.2279 -2.5020
2
2.7882 -2.0173
2
2.3963 -2.2512
2
2.6138 -2.2585
2
-3.0378 -3.9759
2
-3.3097 -3.7514
2
-2.7295 -3.6663
2
-2.4513 -3.8104
2
-2.2175 -3.5844
2
-1.9292 -3.7343
2
-1.7236 -3.6077
2
-0.9551 -3.7193
2
-0.7466 -3.5902
2
-1.4658 -3.7460
2
-1.2299 -3.5681
2
-0.2655 -3.3079
2
-0.0685 -3.2120
2
-0.7417 -3.3264
2
-0.5053 -3.1792
2
3.1980 -1.6418
2
3.3098 -1.4353
2
3.1657 -1.2003
2
3.5591 -0.9226
2
3.2733 -0.9504
2
3.6531 -0.6470
2
3.8293 -0.5869
2
4.1615 -0.2116
2
3.9077 -0.2494
2
4.2860 0.0475
2
4.5328 0.0763
2
4.6084 0.4548
2
4.9815 0.4950
2
1.4591 -2.4852
2
1.1931 -2.5034
2
0.2251 -2.7956
2
-0.0353 -2.8761
2
0.2989 -2.5312
2
0.6404 -2.5014
2
1.0427 -2.2638
2
0.7422 -2.2809
2
1.8410 -2.2371
2
1.5971 -2.2468
2
2.8257 -1.6032
2
2.6989 -1.7808
2
1.9886 -2.0060
2
2.2457 -2.0066
2
2.3967 -1.7535
2
-3.6803 -3.3919
2
-3.1015 -3.3761
2
-3.4087 -3.1725
2
-2.9657 -3.3401
2
-2.7773 -3.4512
2
-2.2402 -3.3816
2
-2.4611 -3.2505
2
-1.9782 -3.1959
2
-1.7254 -3.3384
2
-1.4895 -3.1868
2
-1.0007 -3.1743
2
-1.2378 -3.3304
2
-3.9782 -3.0379
2
-4.2480 -2.6481
2
-0.9993 -2.9267
2
-0.2425 -2.7330
2
-0.7559 -2.7851
2
-0.5200 -2.9171
2
-0.2566 -2.5621
2
2.7486 -1.3001
2
2.8233 -1.2083
2
2.7718 -0.8512
2
3.1128 -0.7466
2
3.1615 -0.5289
2
3.4098 -0.4422
2
3.7508 -0.1023
2
3.4768 -0.1659
2
4.9078 0.9891
2
3.8141 0.1972
2
4.0993 0.2553
2
4.1832 0.5377
2
4.4707 0.5871
2
4.5407 0.9143
2
1.1662 -2.0132
2
1.4380 -2.0043
2
0.1747 -2.3519
2
-0.0543 -2.3346
2
0.6073 -2.0585
2
0.3313 -2.0586
2
0.7362 -1.8080
2
1.0262 -1.8009
2
1.5820 -1.7405
2
1.8375 -1.7370
2
2.4144 -1.2872
2
1.9750 -1.5316
2
2.2843 -1.5387
2
2.3133 -1.1057
2
4.7814 1.4853
2
-3.4037 -2.9797
2
-3.6701 -2.8096
2
-2.9155 -2.9683
2
-3.1702 -2.8245
2
-2.6982 -2.8717
2
-2.4940 -2.9886
2
-2.2056 -2.8157
2
-1.9943 -2.9387
2
-1.4960 -2.9354
2
-1.7424 -2.7935
2
-1.2457 -2.7689
2
-3.6779 -2.5997
2
-3.9197 -2.4423
2
-4.4838 -2.2261
2
-3.9255 -2.2078
2
-4.1461 -2.0559
2
-4.6778 -1.7836
2
-1.2494 -2.5748
2
-0.7587 -2.4704
2
-0.9868 -2.3757
2
-0.5936 -2.3751
2
-0.5294 -2.1013
2
-0.2042 -2.0528
2
2.6553 -0.7721
2
2.4167 -0.8344
2
2.9623 -0.3386
2
2.6851 -0.4227
2
3.2983 0.0069
2
3.0172 -0.0700
2
3.6554 0.3545
2
3.3559 0.2798
2
4.3732 1.0714
2
4.4262 1.3765
2
3.7067 0.6381
2
4.0171 0.7120
2
4.0735 0.9955
2
1.1527 -1.5258
2
1.4304 -1.5203
2
0.1835 -1.8334
2
-0.1083 -1.8562
2
0.5960 -1.5770
2
0.2993 -1.5977
2
0.7026 -1.3562
2
1.0190 -1.3336
2
1.5742 -1.2308
2
1.8448 -1.2240
2
1.9480 -1.0907
2
1.8928 -0.7727
2
2.1951 -0.6287
2
4.2342 1.5371
2
4.0541 1.9865
2
4.2689 1.8371
2
4.6011 1.9743
2
-3.4164 -2.4264
2
-3.1718 -2.5708
2
-2.9283 -2.4207
2
-2.6924 -2.5535
2
-2.4553 -2.4288
2
-2.2332 -2.5543
2
-1.9473 -2.3677
2
-1.7392 -2.4898
2
-1.5104 -2.3880
2
-3.4292 -2.1750
2
-3.6487 -2.0444
2
-4.1384 -1.7932
2
-4.3395 -1.6426
2
-3.6685 -1.7730
2
-3.8622 -1.6640
2
-4.3197 -1.3973
2
-4.5210 -1.2208
2
-4.8337 -1.3036
2
-1.0611 -2.1001
2
-1.4468 -2.0985
2
-0.9633 -1.9439
2
-0.6690 -1.9247
2
-0.5552 -1.6417
2
-0.2476 -1.6305
2
2.5164 -0.2930
2
2.2239 -0.3920
2
2.8369 0.1015
2
2.5451 0.0131
2
3.1821 0.4567
2
2.8853 0.3696
2
3.5474 0.7988
2
3.2312 0.7072
2
3.9391 1.4369
2
3.9037 1.1592
2
3.5854 1.0628
2
1.4177 -1.0287
2
1.1162 -1.0612
2
0.9835 -0.8913
2
0.1481 -1.3545
2
-0.1289 -1.3692
2
0.2711 -1.1310
2
0.5630 -1.1092
2
0.6636 -0.9159
2
1.5185 -0.7413
2
1.7173 -0.6718
2
1.7545 -0.3169
2
2.0561 -0.2425
2
3.7603 1.5912
2
3.7787 1.8709
2
3.5937 2.0076
2
3.5967 2.2990
2
3.8129 2.4275
2
4.0716 2.2951
2
4.3638 2.4556
2
-3.1700 -2.0176
2
-2.9365 -2.1538
2
-2.6880 -2.0037
2
-2.4561 -2.1190
2
-1.9804 -2.1408
2
-2.2647 -2.0115
2
-1.5412 -1.9576
2
-1.7696 -1.9352
2
-3.3989 -1.6139
2
-3.1796 -1.7561
2
-3.4039 -1.3984
2
-3.8846 -1.3080
2
-4.0044 -1.2511
2
-3.6670 -1.2198
2
-4.1060 -0.9197
2
-4.4359 -0.9363
2
-4.5609 -0.7686
2
-4.9393 -0.8155
2
-0.2668 -1.1777
2
-0.5607 -1.1856
2
-1.3890 -1.6622
2
-1.1002 -1.6641
2
-0.9681 -1.4468
2
-0.6866 -1.4435
2
2.0986 0.0669
2
2.3773 0.1501
2
2.4153 0.4575
2
2.7013 0.5461
2
3.0496 0.9018
2
2.7508 0.8018
2
3.0925 1.1149
2
3.4428 1.4758
2
3.4179 1.2280
2
1.2321 -0.5210
2
1.0697 -0.5906
2
0.7561 -0.4050
2
0.5457 -0.6711
2
-0.1410 -0.8572
2
0.1124 -0.8594
2
0.2823 -0.6282
2
1.3086 -0.2534
2
1.6053 -0.1898
2
1.6568 0.1271
2
1.9175 0.2127
2
1.1628 -0.0834
2
3.2868 1.8851
2
3.2760 1.6327
2
3.1398 2.0085
2
3.3439 2.4269
2
3.1361 2.2829
2
3.3261 2.6879
2
3.5159 2.8450
2
3.8094 2.7333
2
4.0692 2.9184
2
-2.7143 -1.7057
2
-2.8999 -1.6020
2
-2.4136 -1.5480
2
-2.2398 -1.6808
2
-1.9326 -1.6030
2
-1.8593 -1.4675
2
-1.5214 -1.4463
2
-2.9349 -1.2897
2
-3.1474 -1.2108
2
-3.2361 -0.9077
2
-3.5910 -0.9334
2
-4.0060 -0.7726
2
-3.7195 -0.7585
2
-4.1459 -0.4789
2
-4.4713 -0.5032
2
-4.5926 -0.3282
2
-4.9930 -0.3531
2
-0.2459 -0.7321
2
-0.7035 -0.9502
2
-0.6103 -0.7628
2
-1.4081 -1.2012
2
-0.9823 -0.9768
2
-1.1056 -1.1967
2
1.9547 0.5128
2
2.2372 0.6032
2
2.5447 1.0033
2
2.2741 0.9058
2
2.5943 1.2205
2
2.8965 1.3440
2
2.9302 1.5023
2
0.7312 -0.2694
2
0.8649 -0.0950
2
0.1869 -0.3814
2
0.4030 -0.1616
2
-0.0514 -0.3134
2
-0.2075 -0.4192
2
1.4306 0.3021
2
1.2641 0.2458
2
1.5039 0.5650
2
1.7782 0.6570
2
0.7562 0.2343
2
1.0063 0.4018
2
2.7564 1.7469
2
2.7985 1.8997
2
2.6487 2.1376
2
2.8554 2.4130
2
3.0278 2.8071
2
2.8146 2.5547
2
2.9812 2.9952
2
3.1783 3.2175
2
3.4839 3.1273
2
3.7251 3.3464
2
-2.7251 -1.1475
2
-2.4186 -1.3269
2
-1.9716 -1.1952
2
-2.1963 -1.1431
2
-1.7699 -0.9711
2
-1.5265 -1.0045
2
-2.7077 -0.9369
2
-3.1450 -0.7623
2
-2.9306 -0.7302
2
-3.5985 -0.4871
2
-3.3190 -0.4701
2
-4.0380 -0.2861
2
-3.7427 -0.2716
2
-4.1742 -0.0310
2
-4.4953 -0.0355
2
-4.5889 0.0959
2
-5.0041 0.1024
2
-0.5370 -0.2843
2
-0.7190 -0.5121
2
-1.1630 -0.6934
2
-0.9965 -0.4705
2
-1.3447 -0.7007
2
2.0790 1.0520
2
1.8058 0.9544
2
2.1104 1.3685
2
2.3517 1.4768
2
2.4016 1.6412
2
1.6355 1.0840
2
0.5837 0.2877
2
0.3446 0.0973
2
-0.0959 0.0222
2
0.1128 0.1800
2
-0.3558 0.1099
2
-0.5734 -0.1046
2
0.9985 0.6628
2
1.2612 0.8183
2
1.2824 0.9190
2
0.7581 0.7871
2
0.4990 0.5792
2
2.2448 1.8991
2
2.4331 2.1637
2
2.3100 2.3939
2
2.5331 2.6643
2
2.6857 3.0983
2
2.4741 2.8413
2
2.6268 3.2893
2
2.8191 3.5292
2
3.1137 3.4626
2
3.3453 3.7255
2
-2.3006 -0.8018
2
-2.3908 -0.7662
2
-1.9772 -0.6280
2
-1.5603 -0.4657
2
-1.8998 -0.6567
2
-2.5064 -0.4533
2
-2.7835 -0.4247
2
-2.8932 -0.2474
2
-3.1869 -0.2378
2
-3.6195 -0.0126
2
-3.3109 -0.0156
2
-4.0484 0.1949
2
-3.7389 0.1902
2
-4.1705 0.4334
2
-4.4972 0.4503
2
-4.5403 0.5046
2
-4.9755 0.5365
2
-1.0868 -0.2182
2
-0.8442 0.0109
2
-1.5465 -0.3286
2
-1.3025 -0.1472
2
1.8633 1.5115
2
1.6178 1.3308
2
1.8385 1.7497
2
1.9993 1.9210
2
1.1126 1.1917
2
1.3483 1.4659
2
0.0567 0.4718
2
0.2814 0.6569
2
-0.8938 0.2334
2
-0.1947 0.5591
2
-0.4154 0.3576
2
-0.6623 0.4443
2
0.9150 1.2225
2
0.7154 1.0244
2
0.2185 0.9260
2
0.4266 1.1231
2
2.0890 2.4385
2
1.8931 2.2286
2
2.1973 2.9337
2
1.9881 2.6947
2
2.1326 3.1363
2
2.3296 3.3804
2
2.2680 3.5734
2
2.4431 3.8102
2
2.7312 3.7699
2
2.9402 4.0527
2
-2.0952 -0.2848
2
-2.3321 -0.2444
2
-1.8657 -0.0714
2
-2.4426 0.0106
2
-2.7591 0.0248
2
-2.8736 0.2260
2
-3.1822 0.2334
2
-3.6106 0.4538
2
-3.2994 0.4411
2
-4.0268 0.6653
2
-3.7163 0.6404
2
-4.1305 0.8996
2
-4.4267 0.9482
2
-4.5002 0.8920
2
-4.9086 0.9761
2
-1.8627 0.0013
2
-1.1500 0.3394
2
-1.3729 0.1595
2
-1.5827 0.2268
2
1.3064 1.6289
2
1.4991 1.8572
2
1.4491 2.0802
2
1.6262 2.2784
2
1.0149 1.7323
2
0.8028 1.5199
2
-1.1879 0.5809
2
-0.9721 0.7795
2
-0.2563 0.8200
2
-0.0507 1.0146
2
-0.7297 0.7025
2
-0.5165 0.9008
2
0.5678 1.5723
2
0.3699 1.3825
2
-0.1057 1.2664
2
0.0992 1.4644
2
1.5437 2.5448
2
1.7344 2.7538
2
1.8439 3.2214
2
1.6521 3.0037
2
1.7815 3.4422
2
1.9577 3.6596
2
1.9051 3.8499
2
2.0508 4.0650
2
2.3327 4.0612
2
2.5036 4.3357
2
-2.3020 0.2409
2
-2.1143 0.2578
2
-2.7437 0.4837
2
-2.4844 0.4976
2
-3.1647 0.7039
2
-2.8935 0.7059
2
-3.2978 0.9101
2
-3.5768 0.9232
2
-3.6820 1.0895
2
-3.9598 1.1254
2
-4.0557 1.3630
2
-4.2838 1.4338
2
-4.4471 1.3122
2
-4.8017 1.4141
2
-1.4968 0.7119
2
-1.9388 0.5593
2
-1.6748 0.5259
2
1.1407 2.1686
2
0.9563 1.9754
2
1.0871 2.4202
2
1.2684 2.6094
2
-1.5153 0.8761
2
0.4797 1.8641
2
0.6733 2.0541
2
-1.0503 1.0526
2
-1.2474 1.1117
2
-0.8358 1.2414
2
-0.3889 1.3634
2
-0.5855 1.1755
2
0.2306 1.9215
2
0.0317 1.7299
2
-0.2266 1.8033
2
-0.4308 1.5940
2
1.3850 3.0679
2
1.1963 2.8803
2
1.4857 3.5187
2
1.3080 3.3598
2
1.4373 3.8483
2
1.5536 3.9442
2
1.5728 4.2521
2
1.9093 4.3365
2
2.0126 4.5856
2
-2.0640 0.7631
2
-2.3456 0.7587
2
-2.4990 0.9880
2
-2.7536 0.9753
2
-2.9245 1.2078
2
-3.1494 1.1905
2
-3.3504 1.4313
2
-3.7869 1.6284
2
-3.5301 1.4047
2
-3.7934 1.7028
2
-4.1109 1.8896
2
-4.3216 1.7363
2
-4.6448 1.8668
2
-1.9303 1.0318
2
-1.7748 1.0634
2
0.6067 2.3320
2
0.7805 2.5097
2
0.7376 2.7490
2
0.9299 2.9508
2
-1.6311 1.3939
2
-1.3564 1.3733
2
0.3265 2.3943
2
0.1416 2.2199
2
-1.2010 1.5843
2
-0.9195 1.5538
2
-0.7590 1.7227
2
-0.3060 2.0586
2
-0.0913 2.2694
2
-0.7730 1.8871
2
-0.5208 2.1205
2
1.0750 3.4168
2
0.8544 3.2062
2
1.1547 3.9027
2
0.9800 3.6842
2
1.0675 4.1161
2
1.1984 4.3603
2
1.4113 4.4029
2
1.5236 4.7688
2
-2.3619 1.2482
2
-2.1587 1.2717
2
-2.5502 1.4843
2
-2.7855 1.4704
2
-3.2143 1.6916
2
-2.9425 1.6917
2
-3.3366 1.8968
2
-3.5918 1.9374
2
-3.6777 2.1682
2
-4.1067 2.1334
2
-3.9427 2.2473
2
-4.4469 2.2987
2
0.6432 3.2727
2
-1.7547 1.5673
2
-2.0101 1.5621
2
0.2506 2.7172
2
0.4026 2.8686
2
0.3910 3.0727
2
-1.3218 1.8502
2
-1.6289 1.8349
2
-0.0359 2.7530
2
-0.1978 2.5528
2
-1.2050 2.0552
2
-0.4774 2.5805
2
-1.0525 2.0905
2
-0.6218 2.3782
2
-0.9065 2.3976
2
0.6922 3.7256
2
0.5510 3.5691
2
0.6079 4.0470
2
0.7096 4.1585
2
0.6801 4.4708
2
0.9648 4.6095
2
1.0248 4.9012
2
-2.1748 1.7781
2
-2.4012 1.7660
2
-2.5823 1.9911
2
-2.7930 1.9780
2
-2.9860 2.2037
2
-3.1473 2.1972
2
-3.3740 2.4407
2
-3.4545 2.4378
2
-3.6914 2.6696
2
-3.9494 2.5738
2
-4.1970 2.7302
2
0.1230 3.2613
2
0.2785 3.5948
2
-1.7809 2.0661
2
-2.0328 2.0486
2
-0.1496 3.0371
2
-0.0306 3.2294
2
-1.4391 2.3391
2
-1.6508 2.3087
2
-0.4754 3.0276
2
-0.5874 2.8329
2
-1.3002 2.5841
2
-0.9061 2.8327
2
-1.0293 2.5906
2
0.3003 4.0675
2
0.1641 3.7580
2
0.2062 4.2051
2
0.4694 4.5957
2
0.2937 4.5189
2
0.5130 4.9812
2
-2.4310 2.2714
2
-2.2124 2.2893
2
-2.6305 2.5138
2
-2.8102 2.4993
2
-3.1595 2.7402
2
-3.0360 2.7503
2
-3.3989 2.9862
2
-3.6306 2.9195
2
-3.8927 3.1483
2
-0.1092 3.7611
2
-0.2560 3.5271
2
-1.8519 2.5712
2
-2.0685 2.5474
2
-0.6004 3.2842
2
-0.4804 3.5039
2
-0.9179 3.2735
2
-1.7126 2.8157
2
-1.4552 2.8314
2
-1.0306 3.0645
2
-1.3288 3.0546
2
-0.2600 4.0315
2
-0.1390 4.2120
2
-0.2330 4.5005
2
0.0117 4.6839
2
-0.0000 5.0000
2
-2.2707 2.8074
2
-2.4694 2.7877
2
-2.8512 3.0335
2
-2.6855 3.0500
2
-3.0790 3.2931
2
-3.3017 3.2443
2
-3.5664 3.5132
2
-0.5203 4.0206
2
-0.6423 3.7373
2
-1.8838 3.0767
2
-2.1222 3.0582
2
-0.9420 3.7166
2
-1.0448 3.5290
2
-1.3573 3.5122
2
-1.7518 3.2999
2
-1.4715 3.3164
2
-0.6485 4.1761
2
-0.5870 4.4868
2
-0.4461 4.5714
2
-0.4721 4.9833
2
-2.3105 3.3282
2
-2.5232 3.3097
2
-2.7258 3.5807
2
-2.9597 3.5460
2
-3.2057 3.8449
2
-1.0736 3.9870
2
-0.9877 4.1432
2
-2.1677 3.5589
2
-1.9116 3.5769
2
-1.3905 3.9631
2
-1.4943 3.7941
2
-1.7879 3.7757
2
-1.0961 4.4123
2
-0.9137 4.6210
2
-0.9655 4.9131
2
-2.3425 3.8402
2
-2.5939 3.8197
2
-2.8123 4.1416
2
-1.5182 4.2549
2
-1.9363 4.0657
2
-1.3603 4.4552
2
-2.2036 4.0614
2
-1.7917 4.2703
2
-1.4746 4.7839
2
-2.3893 4.3993
2
-1.9423 4.6139
16
0
618 577 578 579 621 620 
1.00
16
0
554 520 523 567 564 563 
1.00
16
0
569 562 561 601 606 605 
1.00
16
0
556 555 554 563 597 599 
1.00
15
0
750 725 724 726 751 
1.00
16
0
690 658 657 659 693 692 
1.00
16
0
589 587 588 628 629 630 
1.00
16
0
459 425 424 472 474 475 
1.00
16
0
449 450 497 498 499 452 
1.00
15
0
387 388 389 441 440 
1.00
16
0
230 229 232 283 282 240 
1.00
16
0
454 451 452 499 501 500 
1.00
16
0
588 585 586 626 627 628 
1.00
16
0
760 741 737 736 747 759 
1.00
16
0
728 711 710 715 738 739 
1.00
15
0
260 213 208 228 261 
1.00
15
0
290 246 248 300 301 
1.00
16
0
591 590 589 630 631 633 
1.00
15
0
278 261 228 281 280 
1.00
16
0
610 571 572 613 614 615 
1.00
15
0
673 671 704 705 706 
1.00
15
0
788 787 793 796 789 
1.00
15
0
785 769 770 771 786 
1.00
16
0
679 642 643 656 675 680 
1.00
16
0
586 583 584 598 625 626 
1.00
15
0
693 659 660 695 694 
1.00
16
0
415 365 364 366 418 417 
1.00
16
0
779 780 783 791 793 787 
1.00
16
0
492 491 493 538 539 496 
1.00
16
0
742 740 741 760 763 764 
1.00
17
0
196 169 168 170 216 217 199 
1.00
16
0
502 503 545 548 547 504 
1.00
16
0
627 626 625 638 664 663 
1.00
17
0
506 505 504 547 549 550 551 
1.00
15
0
68 32 33 70 69 
1.00
16
0
424 422 423 471 473 472 
1.00
16
0
127 128 167 172 173 171 
1.00
16
0
139 138 140 185 184 182 
1.00
16
0
197 198 196 199 249 247 
1.00
16
0
168 126 125 127 171 170 
1.00
15
0
22 6 27 28 29 
1.00
16
0
629 628 627 663 665 666 
1.00
16
0
217 216 219 267 268 251 
1.00
16
0
426 378 379 413 429 428 
1.00
16
0
515 481 482 483 528 529 
1.00
16
0
462 460 459 475 509 508 
1.00
16
0
540 510 511 555 556 553 
1.00
15
0
73 74 75 118 116 
1.00
17
0
117 116 118 119 163 162 160 
1.00
15
0
488 489 490 537 536 
1.00
15
0
194 241 243 244 242 
1.00
16
0
286 287 288 340 341 339 
1.00
15
0
584 553 556 599 598 
1.00
17
0
512 466 467 468 481 515 514 
1.00
16
0
402 400 399 449 452 451 
1.00
16
0
90 48 49 50 93 89 
1.00
16
0
8 7 11 34 35 10 
1.00
16
0
63 61 62 79 105 104 
1.00
16
0
49 20 21 42 51 50 
1.00
16
0
47 46 48 90 91 88 
1.00
15
0
279 280 281 335 334 
1.00
16
0
312 262 263 264 315 316 
1.00
6
0
55 25 60 58 
1.00
15
0
580 581 582 624 623 
1.00
16
0
701 700 699 727 729 730 
1.00
16
0
736 722 721 723 748 747 
1.00
15
0
748 723 725 750 749 
1.00
16
0
655 619 618 620 657 658 
1.00
16
0
643 617 616 619 655 656 
1.00
16
0
258 209 210 211 263 262 
1.00
15
0
21 13 30 43 42 
1.00
15
0
324 319 370 371 372 
1.00
6
0
139 182 183 181 
1.00
16
0
305 268 267 270 320 321 
1.00
16
0
292 291 336 345 344 295 
1.00
6
0
118 75 120 119 
1.00
16
0
481 468 432 433 434 482 
1.00
15
0
23 22 29 52 53 
1.00
16
0
713 708 709 722 736 737 
1.00
15
0
406 405 456 457 458 
1.00
16
0
575 532 533 534 578 577 
1.00
15
0
245 294 297 298 299 
1.00
16
0
405 404 403 453 455 456 
1.00
16
0
52 29 28 61 63 64 
1.00
16
0
382 367 329 330 331 381 
1.00
17
0
131 108 109 110 111 154 153 
1.00
15
0
535 536 537 582 581 
1.00
16
0
473 471 470 480 519 518 
1.00
16
0
92 86 85 108 131 132 
1.00
16
0
408 355 354 373 407 409 
1.00
16
0
411 408 409 460 462 461 
1.00
16
0
384 332 333 388 387 386 
1.00
15
0
181 183 229 230 193 
1.00
16
0
343 342 356 396 395 394 
1.00
16
0
363 311 310 313 364 365 
1.00
15
0
242 244 293 294 245 
1.00
16
0
190 192 191 195 239 237 
1.00
16
0
216 170 171 173 218 219 
1.00
16
0
763 760 759 768 778 777 
1.00
16
0
517 513 512 514 558 557 
1.00
16
0
369 325 326 327 377 376 
1.00
16
0
783 782 781 790 794 791 
1.00
16
0
101 98 97 106 146 145 
1.00
16
0
503 500 501 544 546 545 
1.00
16
0
564 567 568 611 609 607 
1.00
16
0
282 283 284 337 336 291 
1.00
16
0
107 104 105 123 150 149 
1.00
17
0
288 289 290 301 342 343 340 
1.00
16
0
442 443 445 491 492 448 
1.00
15
0
24 23 53 57 59 
1.00
17
0
723 721 692 693 694 724 725 
1.00
16
0
102 103 101 145 148 147 
1.00
16
0
445 444 446 495 493 491 
1.00
15
0
12 1 2 15 14 
1.00
16
0
271 272 318 319 324 323 
1.00
16
0
136 137 135 177 180 179 
1.00
15
0
7 0 1 12 11 
1.00
16
0
241 240 282 291 292 243 
1.00
15
0
163 119 120 165 164 
1.00
16
0
732 730 729 753 755 754 
1.00
16
0
550 549 592 593 594 595 
1.00
16
0
62 36 37 39 78 79 
1.00
16
0
528 483 484 486 530 531 
1.00
16
0
511 508 509 520 554 555 
1.00
16
0
146 106 107 149 152 151 
1.00
16
0
296 295 344 346 349 347 
1.00
16
0
85 65 66 67 109 108 
1.00
16
0
560 529 528 531 574 573 
1.00
16
0
609 611 610 615 650 649 
1.00
16
0
566 526 527 570 572 571 
1.00
16
0
453 454 500 503 502 455 
1.00
16
0
606 601 600 602 641 640 
1.00
16
0
729 727 728 739 752 753 
1.00
16
0
719 717 716 740 742 745 
1.00
16
0
218 173 172 214 221 220 
1.00
16
0
699 698 697 711 728 727 
1.00
16
0
543 542 541 583 586 585 
1.00
16
0
272 265 266 273 317 318 
1.00
6
0
94 54 95 96 
1.00
16
0
436 386 387 440 439 438 
1.00
16
0
418 366 368 367 382 419 
1.00
16
0
738 715 714 718 744 743 
1.00
17
0
78 39 38 76 81 82 80 
1.00
16
0
263 211 212 213 260 264 
1.00
16
0
206 161 160 162 210 209 
1.00
16
0
762 761 766 780 779 772 
1.00
16
0
641 602 603 617 643 642 
1.00
16
0
56 59 57 98 101 103 
1.00
16
0
100 99 102 147 144 143 
1.00
15
0
757 756 775 776 758 
1.00
16
0
650 615 614 651 654 653 
1.00
16
0
600 559 560 573 603 602 
1.00
16
0
97 64 63 104 107 106 
1.00
16
0
14 15 16 44 45 40 
1.00
16
0
467 417 418 419 432 468 
1.00
16
0
266 222 223 225 274 273 
1.00
15
0
596 595 594 636 637 
1.00
15
0
707 706 705 734 735 
1.00
17
0
625 598 599 597 604 639 638 
1.00
16
0
612 605 606 640 646 647 
1.00
16
0
172 167 166 175 215 214 
1.00
16
0
718 720 719 745 746 744 
1.00
16
0
533 487 488 536 535 534 
1.00
16
0
322 323 324 372 375 374 
1.00
17
0
392 393 394 395 444 445 443 
1.00
16
0
594 593 632 634 635 636 
1.00
16
0
477 428 429 465 469 478 
1.00
16
0
435 385 384 386 436 437 
1.00
16
0
396 356 357 358 412 410 
1.00
15
0
138 94 96 141 140 
1.00
16
0
733 731 732 754 756 757 
1.00
16
0
235 236 238 289 288 287 
1.00
16
0
358 359 355 408 411 412 
1.00
16
0
519 480 479 525 527 526 
1.00
15
0
249 199 217 251 250 
1.00
16
0
329 314 278 280 279 330 
1.00
16
0
423 420 421 430 470 471 
1.00
16
0
616 576 575 577 618 619 
1.00
16
0
338 339 341 393 392 390 
1.00
16
0
133 134 136 179 178 174 
1.00
17
0
539 538 540 553 584 583 541 
1.00
16
0
11 12 14 40 41 34 
1.00
15
0
275 227 253 277 276 
1.00
16
0
140 141 142 186 187 185 
1.00
16
0
755 753 752 762 772 773 
1.00
16
0
215 175 174 178 223 222 
1.00
16
0
368 316 315 314 329 367 
1.00
15
0
792 784 785 786 795 
1.00
16
0
203 157 156 158 205 204 
1.00
16
0
558 514 515 529 560 559 
1.00
16
0
319 318 317 325 369 370 
1.00
16
0
608 607 609 649 648 645 
1.00
16
0
152 149 150 169 196 198 
1.00
17
0
248 247 249 250 303 302 300 
1.00
16
0
716 712 713 737 741 740 
1.00
16
0
308 257 256 259 310 311 
1.00
16
0
752 739 738 743 761 762 
1.00
15
0
201 155 157 203 202 
1.00
16
0
303 250 251 268 305 304 
1.00
15
0
592 591 633 632 593 
1.00
16
0
277 253 252 255 306 307 
1.00
15
0
409 407 425 459 460 
1.00
16
0
547 548 590 591 592 549 
1.00
15
0
25 24 59 56 60 
1.00
16
0
221 214 215 222 266 265 
1.00
16
0
756 754 755 773 774 775 
1.00
16
0
383 381 331 332 384 385 
1.00
16
0
184 185 187 234 233 231 
1.00
16
0
96 95 100 143 142 141 
1.00
15
0
349 346 398 399 400 
1.00
16
0
664 638 639 644 676 677 
1.00
15
0
674 672 673 706 707 
1.00
15
0
421 380 427 431 430 
1.00
16
0
41 40 45 84 83 77 
1.00
16
0
524 516 517 557 561 562 
1.00
16
0
148 145 146 151 191 192 
1.00
16
0
81 76 77 83 121 122 
1.00
16
0
35 34 41 77 76 38 
1.00
16
0
83 84 87 129 130 121 
1.00
16
0
122 121 130 166 167 128 
1.00
16
0
336 337 338 390 391 345 
1.00
16
0
178 179 180 226 225 223 
1.00
16
0
232 231 233 285 284 283 
1.00
15
0
193 230 240 241 194 
1.00
17
0
659 657 620 621 622 661 660 
1.00
16
0
614 613 612 647 652 651 
1.00
16
0
521 518 519 526 566 565 
1.00
16
0
87 88 91 134 133 129 
1.00
15
0
93 50 51 86 92 
1.00
16
0
58 60 56 103 102 99 
1.00
15
0
621 579 580 623 622 
1.00
16
0
720 689 688 686 717 719 
1.00
16
0
364 313 312 316 368 366 
1.00
16
0
109 67 68 69 71 110 
1.00
16
0
187 186 188 236 235 234 
1.00
15
0
516 478 469 513 517 
1.00
15
0
724 694 695 696 726 
1.00
16
0
150 123 124 126 168 169 
1.00
15
0
66 31 32 68 67 
1.00
16
0
391 390 392 443 442 397 
1.00
16
0
54 55 58 99 100 95 
1.00
16
0
635 634 670 671 673 672 
1.00
16
0
71 69 70 72 112 113 
1.00
16
0
354 321 320 322 374 373 
1.00
16
0
469 465 464 466 512 513 
1.00
15
0
124 80 82 125 126 
1.00
16
0
225 226 224 227 275 274 
1.00
16
0
82 81 122 128 127 125 
1.00
16
0
482 434 435 437 484 483 
1.00
16
0
722 709 691 690 692 721 
1.00
16
0
668 666 665 698 699 700 
1.00
16
0
244 243 292 295 296 293 
1.00
16
0
457 456 455 502 504 505 
1.00
16
0
568 565 566 571 610 611 
1.00
16
0
359 304 305 321 354 355 
1.00
15
0
341 340 343 394 393 
1.00
16
0
254 204 205 207 256 257 
1.00
17
0
317 273 274 275 276 326 325 
1.00
16
0
176 153 154 155 201 200 
1.00
15
0
212 164 165 208 213 
1.00
17
0
398 397 442 448 450 449 399 
1.00
16
0
401 402 451 454 453 403 
1.00
16
0
45 44 47 88 87 84 
1.00
16
0
267 219 218 220 269 270 
1.00
16
0
320 270 269 271 323 322 
1.00
16
0
331 330 279 334 333 332 
1.00
15
0
770 749 750 751 771 
1.00
15
0
778 768 769 785 784 
1.00
16
0
326 276 277 307 328 327 
1.00
16
0
89 93 92 132 135 137 
1.00
17
0
683 678 679 680 708 713 712 
1.00
16
0
743 744 746 767 766 761 
1.00
16
0
671 670 669 702 703 704 
1.00
16
0
646 640 641 642 679 678 
1.00
16
0
142 143 144 189 188 186 
1.00
15
0
637 636 635 672 674 
1.00
16
0
306 255 254 257 308 309 
1.00
16
0
233 234 235 287 286 285 
1.00
16
0
57 53 52 64 97 98 
1.00
16
0
530 486 485 487 533 532 
1.00
16
0
188 189 190 237 238 236 
1.00
16
0
46 18 19 20 49 48 
1.00
17
0
648 649 650 653 687 685 681 
1.00
16
0
578 534 535 581 580 579 
1.00
16
0
361 309 308 311 363 362 
1.00
16
0
654 651 652 684 686 688 
1.00
15
0
794 790 792 795 797 
1.00
16
0
474 472 473 518 521 522 
1.00
16
0
697 677 676 682 710 711 
1.00
15
0
439 440 441 490 489 
1.00
16
0
686 684 683 712 716 717 
1.00
16
0
509 475 474 522 523 520 
1.00
16
0
135 132 131 153 176 177 
1.00
16
0
523 522 521 565 568 567 
1.00
15
0
111 110 71 113 114 
1.00
17
0
227 224 200 201 202 252 253 
1.00
16
0
238 237 239 246 290 289 
1.00
16
0
284 285 286 339 338 337 
1.00
15
0
639 604 608 645 644 
1.00
15
0
661 622 623 624 662 
1.00
16
0
191 151 152 198 197 195 
1.00
16
0
484 437 436 438 485 486 
1.00
16
0
548 545 546 587 589 590 
1.00
16
0
205 158 159 161 206 207 
1.00
16
0
652 647 646 678 683 684 
1.00
15
0
43 30 31 66 65 
1.00
16
0
26 9 8 10 37 36 
1.00
16
0
705 704 703 731 733 734 
1.00
16
0
631 630 629 666 668 667 
1.00
16
0
714 685 687 689 720 718 
1.00
16
0
432 419 382 381 383 433 
1.00
17
0
156 114 113 112 115 159 158 
1.00
16
0
155 154 111 114 156 157 
1.00
16
0
766 767 765 782 783 780 
1.00
16
0
269 220 221 265 272 271 
1.00
15
0
735 734 733 757 758 
1.00
16
0
328 307 306 309 361 360 
1.00
16
0
527 525 524 562 569 570 
1.00
17
0
407 373 374 375 422 424 425 
1.00
16
0
377 327 328 360 379 378 
1.00
16
0
597 563 564 607 608 604 
1.00
16
0
501 499 498 542 543 544 
1.00
16
0
130 129 133 174 175 166 
1.00
17
0
371 370 369 376 380 421 420 
1.00
16
0
395 396 410 447 446 444 
1.00
15
0
552 551 550 595 596 
1.00
15
0
687 653 654 688 689 
1.00
16
0
669 667 668 700 701 702 
1.00
16
0
180 177 176 200 224 226 
1.00
17
0
494 463 461 462 508 511 510 
1.00
16
0
310 259 258 262 312 313 
1.00
16
0
16 17 18 46 47 44 
1.00
17
0
479 476 477 478 516 524 525 
1.00
17
0
632 633 631 667 669 670 634 
1.00
16
0
112 72 73 116 117 115 
1.00
16
0
773 772 779 787 788 774 
1.00
15
0
333 334 335 389 388 
1.00
16
0
344 345 391 397 398 346 
1.00
15
0
446 447 463 494 495 
1.00
15
0
298 297 348 350 351 
1.00
16
0
603 573 574 576 616 617 
1.00
16
0
703 702 701 730 732 731 
1.00
15
0
353 352 404 405 406 
1.00
15
0
434 433 383 385 435 
1.00
16
0
781 777 778 784 792 790 
1.00
16
0
574 531 530 532 575 576 
1.00
16
0
710 682 681 685 714 715 
1.00
15
0
37 10 35 38 39 
1.00
15
0
299 298 351 352 353 
1.00
16
0
315 264 260 261 278 314 
1.00
16
0
256 207 206 209 258 259 
1.00
16
0
51 42 43 65 85 86 
1.00
16
0
746 745 742 764 765 767 
1.00
15
0
5 0 7 8 9 
1.00
16
0
675 656 655 658 690 691 
1.00
16
0
28 27 26 36 62 61 
1.00
16
0
665 663 664 677 697 698 
1.00
15
0
450 448 492 496 497 
1.00
16
0
239 195 197 247 248 246 
1.00
16
0
498 497 496 539 541 542 
1.00
15
0
17 3 4 19 18 
1.00
15
0
458 457 505 506 507 
1.00
15
0
6 5 9 26 27 
1.00
15
0
19 4 13 21 20 
1.00
16
0
352 351 350 401 403 404 
1.00
6
0
507 506 551 552 
1.00
16
0
414 362 363 365 415 416 
1.00
16
0
485 438 439 489 488 487 
1.00
16
0
105 79 78 80 124 123 
1.00
16
0
380 376 377 378 426 427 
1.00
16
0
546 544 543 585 588 587 
1.00
15
0
660 661 662 696 695 
1.00
16
0
493 495 494 510 540 538 
1.00
16
0
342 301 300 302 357 356 
1.00
16
0
210 162 163 164 212 211 
1.00
16
0
429 413 414 416 464 465 
1.00
15
0
15 2 3 17 16 
1.00
16
0
676 644 645 648 681 682 
1.00
16
0
379 360 361 362 414 413 
1.00
16
0
183 182 184 231 232 229 
1.00
15
0
793 791 794 797 796 
1.00
16
0
464 416 415 417 467 466 
1.00
16
0
375 372 371 420 423 422 
1.00
17
0
768 759 747 748 749 770 769 
1.00
16
0
561 557 558 559 600 601 
1.00
16
0
252 202 203 204 254 255 
1.00
15
0
708 680 675 691 709 
1.00
16
0
470 430 431 476 479 480 
1.00
16
0
431 427 426 428 477 476 
1.00
16
0
572 570 569 605 612 613 
1.00
16
0
294 293 296 347 348 297 
1.00
16
0
91 90 89 137 136 134 
1.00
16
0
765 764 763 777 781 782 
1.00
15
0
70 33 74 73 72 
1.00
16
0
144 147 148 192 190 189 
1.00
15
0
159 115 117 160 161 
1.00
16
0
302 303 304 359 358 357 
1.00
16
0
447 410 412 411 461 463 
1.00
15
0
775 774 788 789 776 
1.00
17
0
348 347 349 400 402 401 350 
1.00
2
751 1 -100.0000
2
22 1 100.0000
