0
398 200 1 2
1
100.00 0.30
2
-4.9827 0.5431
2
-5.0086 -0.1192
2
-4.9477 -0.7906
2
-4.8025 -1.4379
2
-4.8571 1.2397
2
-4.6443 1.8861
2
-4.3336 2.5181
2
-3.9477 3.0912
2
-3.4430 3.6468
2
-4.3441 1.1082
2
-4.2126 0.7241
2
-4.4203 0.4852
2
-4.2958 -0.0128
2
-4.3530 -0.6850
2
-4.4004 -0.1266
2
-4.2500 -0.7652
2
-4.2905 -1.3049
2
-4.0922 -1.4554
2
-4.1413 -1.9350
2
-4.5376 -2.1347
2
-4.1878 -2.7542
2
-4.0153 1.4832
2
-4.1171 1.7062
2
-3.8442 2.2087
2
-3.6839 2.2426
2
-3.5555 2.7948
2
-3.2292 2.8726
2
-3.1197 3.3229
2
-2.7511 3.3843
2
-2.6082 3.8201
2
-2.8201 4.1489
2
-2.1610 4.5235
2
-3.7419 1.3990
2
-3.8204 0.6755
2
-3.5888 0.9481
2
-3.8686 -0.0224
2
-3.6584 0.2768
2
-3.8321 -0.7051
2
-3.6654 -0.4186
2
-3.7459 -3.3344
2
-3.5704 -1.1187
2
-3.7059 -1.3704
2
-3.4363 -1.8028
2
-3.6970 -2.4402
2
-3.7497 -2.1241
2
-3.4773 -2.5652
2
-3.4189 -3.0532
2
-3.1954 -3.8640
2
-3.4468 2.0997
2
-3.3647 1.6554
2
-2.9810 2.3019
2
-2.9628 2.6460
2
-2.5235 2.8286
2
-2.4981 3.1324
2
-2.0315 3.3391
2
-1.9218 4.0166
2
-2.1203 3.7747
2
-1.6352 4.0009
2
-1.3315 4.3964
2
-1.4583 4.7993
2
-3.1168 1.5515
2
-3.1670 0.9064
2
-3.0031 1.1221
2
-3.2258 0.2505
2
-3.0405 0.5344
2
-3.0661 -0.1131
2
-3.2515 -0.3994
2
-3.1827 -1.0574
2
-3.0411 -0.8133
2
-2.8864 -3.4673
2
-3.0069 -3.1378
2
-3.1825 -1.8156
2
-2.9567 -2.1690
2
-2.9452 -1.4685
2
-3.0461 -2.4113
2
-2.7668 -2.8120
2
-2.4692 -3.5306
2
-2.3374 -3.8247
2
-2.6083 -4.2810
2
-2.7085 2.0650
2
-2.7258 1.7925
2
-2.2904 2.2597
2
-2.2604 2.5901
2
-1.8325 3.2202
2
-1.8349 2.7578
2
-1.4508 3.3643
2
-1.3755 3.6556
2
-0.9121 3.8067
2
-0.9244 4.2375
2
-0.6418 4.4393
2
-0.6847 4.9655
2
-2.4047 1.5137
2
-2.5426 1.1128
2
-2.5380 0.4900
2
-2.3835 0.8764
2
-2.4142 0.2493
2
-2.6733 -0.1335
2
-2.6227 -0.7665
2
-2.4723 -0.5036
2
-2.4039 -1.1679
2
-2.5737 -1.4584
2
-2.2355 -3.1758
2
-2.3759 -1.8200
2
-2.4853 -2.8005
2
-2.2711 -2.4663
2
-2.4999 -2.0886
2
-1.9334 -3.1690
2
-1.6780 -3.5395
2
-1.8473 -3.8857
2
-1.7597 -4.0822
2
-1.9990 -4.5950
2
-2.0029 2.0137
2
-2.0896 1.5982
2
-1.6387 2.1280
2
-1.5781 2.5720
2
-1.1392 3.0661
2
-1.2225 2.6904
2
-0.6989 3.6435
2
-0.7483 3.1945
2
-0.3162 3.7578
2
-0.2382 4.2550
2
0.0070 4.3706
2
0.0000 5.0000
2
-2.1131 0.1832
2
-1.9286 0.9049
2
-1.8352 1.3822
2
-1.7479 0.7146
2
-1.7613 0.4626
2
-2.0581 -0.4649
2
-1.9317 -0.2665
2
-1.9864 -1.1290
2
-1.8521 -0.8957
2
-1.7768 -1.5443
2
-1.8904 -1.7717
2
-1.6947 -2.8037
2
-1.7295 -2.1175
2
-1.9231 -2.4561
2
-1.4175 -2.8072
2
-1.2990 -3.4782
2
-1.1666 -3.1202
2
-1.0413 -3.7763
2
-1.1508 -4.1915
2
-1.1959 -4.2190
2
-1.3550 -4.8239
2
-1.3731 1.9161
2
-1.4577 1.4701
2
-0.9221 2.4311
2
-1.0225 2.0146
2
-0.4750 2.9744
2
-0.5815 2.5286
2
-0.0103 3.5233
2
-0.1660 3.0538
2
0.2487 4.2793
2
0.2717 3.5867
2
0.4067 3.8068
2
0.6458 4.5049
2
0.6880 4.9670
2
-1.5138 -0.2149
2
-1.3830 0.1487
2
-1.2698 0.8832
2
-1.2105 1.2503
2
-1.1028 0.2423
2
-0.9953 0.6120
2
-1.4263 -0.8425
2
-1.2866 -0.5079
2
-1.1953 -1.1785
2
-1.3223 -1.4695
2
-1.0834 -1.8521
2
-1.2313 -2.1532
2
-1.1400 -2.3806
2
-0.7152 -2.5373
2
-0.7751 -3.0431
2
-0.6198 -3.6591
2
-0.5616 -3.2159
2
-0.3791 -3.8651
2
-0.4284 -4.2960
2
-0.6187 -4.4143
2
-0.6961 -4.9649
2
-0.7327 1.7617
2
-0.8262 1.3658
2
-0.2794 2.2737
2
-0.3914 1.8612
2
0.0313 2.3618
2
0.1667 2.7731
2
0.5948 3.1626
2
0.4628 2.8569
2
0.8843 3.8603
2
0.9994 4.2277
2
1.0734 3.5941
2
0.9596 3.2599
2
1.2535 4.3225
2
1.4091 4.8106
2
2.0288 4.5809
2
-0.9168 -0.4488
2
-0.7794 -0.0465
2
-0.5358 1.0978
2
-0.6447 0.7115
2
-0.3482 0.4308
2
-0.4730 0.0333
2
-0.6637 -0.7236
2
-0.7952 -1.1107
2
-0.6729 -1.7804
2
-0.5462 -1.3961
2
-0.4146 -2.0747
2
-0.4911 -2.4187
2
-0.0945 -2.6998
2
-0.1764 -3.1068
2
0.0912 -3.3398
2
0.0354 -3.7306
2
0.2690 -3.9360
2
0.2418 -4.3365
2
0.0127 -4.4937
2
-0.0000 -5.0000
2
-0.0843 1.5885
2
-0.1991 1.1925
2
0.2377 1.6814
2
0.3588 2.0700
2
0.6752 2.1656
2
0.7949 2.5054
2
1.1379 2.6100
2
1.2514 2.9346
2
1.5330 3.6583
2
1.6576 4.0052
2
1.7120 3.3838
2
1.5754 3.0248
2
1.8336 4.0778
2
2.3123 3.7995
2
2.6395 4.2605
2
-0.3002 -0.6531
2
-0.1725 -0.2441
2
0.1025 0.9145
2
-0.0149 0.5179
2
0.1574 -0.1623
2
0.2785 0.2438
2
-0.0369 -0.9207
2
-0.1544 -1.3188
2
0.0184 -1.9390
2
0.1032 -1.5932
2
0.2251 -2.5649
2
0.3060 -2.2457
2
0.5735 -2.8876
2
0.4827 -3.2056
2
0.8076 -3.5630
2
0.7241 -3.7914
2
0.9652 -4.2023
2
0.6668 -4.5172
2
0.7443 -4.9578
2
0.4391 1.0074
2
0.5503 1.3933
2
0.8957 1.4971
2
0.9949 1.8488
2
1.3714 1.9750
2
1.4446 2.2806
2
1.8757 2.4508
2
1.9109 2.6983
2
2.3434 3.6157
2
2.2941 2.9321
2
2.1772 3.3977
2
2.8414 3.4640
2
3.1699 3.8829
2
0.3316 -0.8375
2
0.4460 -0.4308
2
0.6180 0.3304
2
0.7346 0.7306
2
0.7932 -0.3416
2
0.9048 0.0611
2
0.6017 -1.1020
2
0.5072 -1.4819
2
0.7017 -2.1111
2
0.7838 -1.7592
2
0.9152 -2.7608
2
0.9964 -2.3974
2
1.1510 -3.4394
2
1.2198 -3.0200
2
1.4219 -3.6286
2
1.4322 -4.0800
2
1.2736 -4.2332
2
1.4331 -4.8023
2
1.1935 1.2086
2
1.0790 0.8213
2
1.6601 1.6817
2
1.5429 1.3019
2
2.1451 2.1690
2
2.0036 1.7653
2
2.5915 2.8185
2
2.6639 2.6113
2
2.4505 2.2164
2
2.9183 3.1875
2
3.3086 3.0511
2
3.6905 3.3927
2
0.9763 -1.0000
2
1.0792 -0.6080
2
1.2598 0.1535
2
1.3655 0.5455
2
1.5366 -0.1090
2
1.4319 -0.5109
2
1.1716 -1.6381
2
1.2647 -1.2765
2
1.4705 -1.9365
2
1.3841 -2.2657
2
1.6878 -2.5840
2
1.6089 -2.8831
2
1.9090 -3.2190
2
1.8489 -3.4550
2
2.1165 -3.8015
2
1.9406 -4.1524
2
2.1163 -4.5459
2
1.7364 0.6459
2
1.8321 1.0144
2
2.2183 1.1306
2
2.3008 1.4661
2
2.6973 1.6075
2
2.7600 1.8727
2
3.1453 2.0474
2
3.3824 2.6395
2
3.1506 2.4531
2
3.7010 2.5444
2
4.1267 2.8453
2
1.7239 -0.7762
2
1.6211 -1.1677
2
2.0039 0.3805
2
1.9059 -0.0148
2
2.0633 -0.6791
2
2.1683 -0.2645
2
1.9335 -1.4515
2
1.8353 -1.8134
2
2.0693 -2.4469
2
2.1602 -2.1239
2
2.3948 -2.7861
2
2.3154 -3.0616
2
2.6247 -3.4181
2
2.4891 -3.7542
2
2.7862 -4.1673
2
2.4880 0.8531
2
2.4019 0.4812
2
2.9795 1.3046
2
2.9083 0.9724
2
3.4067 1.4497
2
3.4517 1.8408
2
3.8355 2.0213
2
3.9372 1.9849
2
4.4725 2.2595
2
2.3658 -0.9377
2
2.2582 -1.3440
2
2.5451 -0.1777
2
2.6434 0.2344
2
2.7880 -0.4093
2
2.6782 -0.8459
2
2.4936 -2.0021
2
2.5977 -1.6242
2
2.8477 -2.3094
2
2.7546 -2.6461
2
3.0997 -2.9745
2
2.9945 -3.3203
2
3.3615 -3.7197
2
3.0606 0.3215
2
3.1506 0.7123
2
3.6701 1.2092
2
3.5835 0.8109
2
4.0988 1.3309
2
4.1612 1.4664
2
4.7337 1.6452
2
2.9964 -1.0937
2
2.8825 -1.5223
2
3.2749 0.0931
2
3.1706 -0.3370
2
3.2677 -1.0103
2
3.3869 -0.5483
2
3.1485 -2.1884
2
3.2510 -1.7905
2
3.5212 -2.4726
2
3.4472 -2.8443
2
3.8651 -3.1929
2
3.8113 0.5644
2
3.7044 0.1596
2
4.2460 0.6451
2
4.3547 0.8904
2
4.9096 1.0081
2
3.4988 -1.6908
2
3.6105 -1.2446
2
3.8994 -0.0665
2
3.7748 -0.4991
2
3.9570 -0.6958
2
3.8273 -1.1689
2
3.8765 -1.9285
2
3.8451 -2.3174
2
4.2888 -2.5973
2
4.3214 -0.0272
2
4.4738 0.2720
2
5.0032 0.3173
2
4.3309 -0.6792
2
4.1701 -1.3644
2
4.2015 -1.7399
2
4.5295 -0.3904
2
4.5427 -1.1059
2
4.6244 -1.9406
2
4.9964 -0.4038
2
4.8741 -1.1865
36
0
336 356 358 357 337 335 
1.00
35
0
371 372 386 385 370 
1.00
35
0
6 23 24 25 7 
1.00
36
0
365 367 381 380 374 364 
1.00
36
0
299 300 326 327 325 298 
1.00
37
0
54 83 85 86 57 55 56 
1.00
36
0
231 233 262 263 247 230 
1.00
35
0
376 377 361 360 359 
1.00
35
0
388 389 377 376 375 
1.00
36
0
69 76 101 103 75 70 
1.00
35
0
394 397 396 393 390 
1.00
36
0
206 207 241 240 238 205 
1.00
35
0
314 316 317 289 288 
1.00
35
0
39 46 45 43 20 
1.00
36
0
138 140 172 173 171 139 
1.00
36
0
329 330 353 352 351 328 
1.00
35
0
392 395 397 394 391 
1.00
36
0
270 273 301 300 299 271 
1.00
36
0
348 350 368 369 363 349 
1.00
6
0
225 226 227 192 
1.00
36
0
325 327 348 349 343 324 
1.00
37
0
108 109 142 141 140 138 107 
1.00
36
0
241 242 272 273 270 240 
1.00
36
0
42 71 73 67 40 41 
1.00
36
0
281 308 309 310 283 280 
1.00
36
0
65 96 95 93 64 63 
1.00
35
0
20 43 44 18 19 
1.00
36
0
326 328 351 350 348 327 
1.00
36
0
104 136 135 133 102 105 
1.00
36
0
378 384 392 391 383 379 
1.00
35
0
0 11 10 9 4 
1.00
36
0
175 211 210 209 208 174 
1.00
36
0
136 134 137 169 168 135 
1.00
36
0
256 284 287 258 255 257 
1.00
36
0
116 146 149 148 118 115 
1.00
36
0
193 199 228 229 198 194 
1.00
36
0
262 265 292 293 279 263 
1.00
36
0
272 274 303 302 301 273 
1.00
36
0
319 324 343 342 322 318 
1.00
36
0
292 294 321 320 307 293 
1.00
36
0
264 291 295 294 292 265 
1.00
35
0
46 70 75 74 45 
1.00
36
0
40 67 68 66 38 37 
1.00
36
0
196 197 231 230 214 195 
1.00
6
0
360 361 341 340 
1.00
36
0
102 133 132 130 99 100 
1.00
36
0
267 269 296 297 290 266 
1.00
35
0
29 56 55 31 30 
1.00
35
0
89 120 121 122 90 
1.00
36
0
219 252 253 254 224 220 
1.00
36
0
236 239 268 269 267 237 
1.00
37
0
22 21 32 49 48 24 23 
1.00
36
0
50 79 81 82 52 51 
1.00
36
0
34 61 62 60 49 32 
1.00
36
0
344 346 365 364 355 345 
1.00
36
0
26 51 52 53 28 27 
1.00
35
0
339 340 341 317 316 
1.00
35
0
58 88 89 90 59 
1.00
35
0
7 25 26 27 8 
1.00
36
0
71 72 105 102 100 73 
1.00
36
0
217 250 251 252 219 218 
1.00
36
0
172 174 208 207 206 173 
1.00
35
0
143 177 176 141 142 
1.00
36
0
313 338 339 316 314 315 
1.00
36
0
260 266 290 291 264 261 
1.00
36
0
228 234 260 261 232 229 
1.00
37
0
93 95 123 127 126 124 94 
1.00
36
0
307 320 334 333 309 308 
1.00
35
0
287 288 289 259 258 
1.00
36
0
84 114 116 115 85 83 
1.00
36
0
247 263 279 278 249 248 
1.00
37
0
119 150 153 154 152 121 120 
1.00
36
0
366 379 383 382 381 367 
1.00
35
0
47 69 70 46 39 
1.00
35
0
121 152 155 156 122 
1.00
36
0
113 144 147 146 116 114 
1.00
35
0
1 14 12 11 0 
1.00
36
0
99 130 131 128 98 97 
1.00
36
0
311 335 337 338 313 312 
1.00
35
0
78 110 109 108 77 
1.00
35
0
212 246 245 210 211 
1.00
36
0
38 66 65 63 36 35 
1.00
35
0
246 277 276 244 245 
1.00
36
0
52 82 84 83 54 53 
1.00
36
0
185 218 219 220 189 184 
1.00
36
0
251 280 283 282 253 252 
1.00
35
0
305 306 332 331 304 
1.00
36
0
179 195 214 213 181 178 
1.00
37
0
13 15 37 38 35 12 14 
1.00
36
0
358 373 375 376 359 357 
1.00
36
0
24 48 50 51 26 25 
1.00
36
0
343 349 363 362 347 342 
1.00
36
0
235 237 267 266 260 234 
1.00
36
0
141 176 175 174 172 140 
1.00
35
0
385 386 395 392 384 
1.00
36
0
285 315 314 288 287 284 
1.00
36
0
368 370 385 384 378 369 
1.00
36
0
12 35 36 33 10 11 
1.00
36
0
163 165 200 199 193 164 
1.00
36
0
64 93 94 92 62 61 
1.00
36
0
309 333 336 335 311 310 
1.00
37
0
169 170 204 203 201 167 168 
1.00
36
0
363 369 378 379 366 362 
1.00
35
0
47 78 77 76 69 
1.00
36
0
351 352 371 370 368 350 
1.00
36
0
208 209 243 242 241 207 
1.00
36
0
232 261 264 265 262 233 
1.00
37
0
43 45 74 72 71 42 44 
1.00
35
0
154 186 187 155 152 
1.00
6
0
110 143 142 109 
1.00
36
0
149 180 182 183 151 148 
1.00
35
0
137 139 171 170 169 
1.00
36
0
16 17 41 40 37 15 
1.00
36
0
68 97 98 96 65 66 
1.00
36
0
73 100 99 97 68 67 
1.00
36
0
166 167 201 202 200 165 
1.00
6
0
5 22 23 6 
1.00
37
0
337 357 359 360 340 339 338 
1.00
36
0
381 382 390 393 387 380 
1.00
36
0
181 213 215 216 182 180 
1.00
36
0
214 230 247 248 215 213 
1.00
36
0
76 77 108 107 106 101 
1.00
35
0
129 157 158 127 123 
1.00
35
0
8 27 28 29 30 
1.00
36
0
112 125 145 144 113 111 
1.00
35
0
18 44 42 41 17 
1.00
35
0
383 391 394 390 382 
1.00
35
0
210 245 244 243 209 
1.00
36
0
49 60 80 79 50 48 
1.00
36
0
132 166 165 163 131 130 
1.00
35
0
353 354 372 371 352 
1.00
35
0
3 16 15 13 2 
1.00
6
0
2 13 14 1 
1.00
36
0
249 278 281 280 251 250 
1.00
36
0
301 302 329 328 326 300 
1.00
36
0
296 298 325 324 319 297 
1.00
36
0
161 194 198 197 196 162 
1.00
36
0
238 240 270 271 268 239 
1.00
36
0
101 106 134 136 104 103 
1.00
36
0
283 310 311 312 286 282 
1.00
36
0
75 103 104 105 72 74 
1.00
36
0
189 220 224 223 221 188 
1.00
36
0
81 111 113 114 84 82 
1.00
36
0
268 271 299 298 296 269 
1.00
36
0
334 345 355 356 336 333 
1.00
35
0
226 255 258 259 227 
1.00
36
0
118 148 151 150 119 117 
1.00
36
0
171 173 206 205 204 170 
1.00
36
0
159 162 196 195 179 160 
1.00
36
0
200 202 235 234 228 199 
1.00
36
0
201 203 236 237 235 202 
1.00
35
0
331 332 354 353 330 
1.00
36
0
303 304 331 330 329 302 
1.00
36
0
85 115 118 117 87 86 
1.00
35
0
4 9 21 22 5 
1.00
35
0
155 187 190 191 156 
1.00
36
0
147 178 181 180 149 146 
1.00
36
0
279 293 307 308 281 278 
1.00
35
0
224 254 256 257 223 
1.00
36
0
186 188 221 222 190 187 
1.00
35
0
57 86 87 88 58 
1.00
36
0
215 248 249 250 217 216 
1.00
36
0
131 163 164 157 129 128 
1.00
36
0
347 362 366 367 365 346 
1.00
37
0
253 282 286 285 284 256 254 
1.00
36
0
198 229 232 233 231 197 
1.00
35
0
55 57 58 59 31 
1.00
36
0
10 33 34 32 21 9 
1.00
36
0
184 189 188 186 154 153 
1.00
35
0
286 312 313 315 285 
1.00
36
0
127 158 161 162 159 126 
1.00
35
0
19 18 17 16 3 
1.00
35
0
62 92 91 80 60 
1.00
36
0
92 94 124 125 112 91 
1.00
36
0
145 160 179 178 147 144 
1.00
36
0
182 216 217 218 185 183 
1.00
36
0
87 117 119 120 89 88 
1.00
36
0
151 183 185 184 153 150 
1.00
36
0
374 380 387 388 375 373 
1.00
35
0
190 222 225 192 191 
1.00
35
0
393 396 389 388 387 
1.00
35
0
275 305 304 303 274 
1.00
35
0
28 53 54 56 29 
1.00
36
0
290 297 319 318 295 291 
1.00
37
0
221 223 257 255 226 225 222 
1.00
36
0
98 128 129 123 95 96 
1.00
36
0
36 63 64 61 34 33 
1.00
35
0
277 306 305 275 276 
1.00
36
0
355 364 374 373 358 356 
1.00
36
0
135 168 167 166 132 133 
1.00
36
0
295 318 322 323 321 294 
1.00
37
0
244 276 275 274 272 242 243 
1.00
36
0
106 107 138 139 137 134 
1.00
35
0
177 212 211 175 176 
1.00
36
0
124 126 159 160 145 125 
1.00
36
0
204 205 238 239 236 203 
1.00
36
0
321 323 344 345 334 320 
1.00
36
0
80 91 112 111 81 79 
1.00
36
0
322 342 347 346 344 323 
1.00
36
0
157 164 193 194 161 158 
1.00
2
122 1 -100.0000
2
212 1 100.0000
