0
98 50 1 2
1
100.00 0.30
2
2.3490 -4.4660
2
3.2669 -3.8388
2
4.1254 -2.8957
2
4.6519 -1.9155
2
1.0682 -4.9320
2
-0.0000 -5.0000
2
-1.3589 -4.8567
2
0.9746 -3.7008
2
1.7046 -3.5064
2
2.0145 -2.8845
2
2.5085 -2.8172
2
3.0122 -2.2174
2
3.0091 -1.8168
2
3.6575 -1.3810
2
3.7417 -0.5682
2
4.9957 -0.5793
2
-2.7298 -4.2422
2
0.5343 -3.4470
2
-0.7578 -3.5152
2
-0.1163 -3.7345
2
-1.0768 -3.6838
2
-2.0331 -3.3118
2
1.4163 -2.1980
2
0.5564 -2.5520
2
-3.7847 -3.3449
2
-4.5562 -2.1976
2
1.5355 -1.6096
2
2.3615 -1.3280
2
2.4894 -0.4030
2
3.5350 -0.2915
2
3.6953 0.4177
2
5.0048 0.6003
2
4.7243 1.7264
2
-2.1828 -2.7771
2
-2.8248 -2.4985
2
-1.4119 -2.0823
2
-0.0684 -2.1059
2
-0.7191 -2.4103
2
0.0402 -1.2771
2
1.0432 -1.0763
2
-3.0466 -1.7924
2
-3.5710 -1.6139
2
-3.8635 -0.6611
2
-5.0055 -0.7302
2
2.1625 -0.0597
2
1.2079 -0.2493
2
2.2813 0.7738
2
3.3120 1.0634
2
3.4026 1.3545
2
3.1141 2.1003
2
4.1318 2.8886
2
-1.5778 -1.3762
2
-2.3968 -1.1849
2
-1.1736 -0.9170
2
-0.2865 -0.9031
2
0.7289 0.2449
2
-0.0496 0.0020
2
-2.6542 -0.3553
2
-3.5298 -0.2201
2
-3.7439 0.4898
2
-5.0083 0.6558
2
1.7702 1.2891
2
0.8442 0.8953
2
1.8203 1.8335
2
2.6181 2.3435
2
2.5140 2.9763
2
3.3757 3.7522
2
-2.0825 0.2683
2
-1.4976 0.1210
2
-0.7576 0.6102
2
-0.7002 1.1018
2
0.2394 1.5191
2
-2.3452 0.9353
2
-3.3601 1.0899
2
-3.5328 1.6087
2
-4.6363 1.9873
2
0.3403 2.1449
2
1.1326 2.4244
2
1.3249 3.2735
2
1.8191 3.4049
2
2.2415 4.5211
2
-1.2800 1.7359
2
-1.9259 1.6441
2
-0.9619 2.5025
2
-0.1595 2.6422
2
-2.5786 2.4717
2
-2.9700 2.4329
2
-3.8295 3.2828
2
0.0572 3.5741
2
0.8415 3.6577
2
1.1128 4.9150
2
-1.5024 3.2245
2
-2.0932 3.1754
2
-0.1998 3.8415
2
-1.1035 3.8763
2
-2.7994 4.2077
2
-0.0000 5.0000
2
-1.5081 4.8171
6
0
1 2 11 10 
1.00
6
0
48 32 50 49 
1.00
16
0
74 73 72 82 85 86 
1.00
15
0
5 4 7 17 19 
1.00
15
0
43 42 58 59 60 
1.00
17
0
35 37 36 38 54 53 51 
1.00
15
0
30 31 32 48 47 
1.00
15
0
86 85 92 95 87 
1.00
15
0
29 14 15 31 30 
1.00
16
0
81 70 71 76 84 83 
1.00
6
0
79 65 66 80 
1.00
15
0
53 54 56 69 68 
1.00
15
0
8 0 1 10 9 
1.00
16
0
84 76 77 78 89 88 
1.00
15
0
64 49 50 66 65 
1.00
15
0
93 88 89 90 96 
1.00
16
0
39 26 27 28 44 45 
1.00
16
0
17 7 8 9 22 23 
1.00
16
0
21 20 18 37 35 33 
1.00
16
0
71 62 61 63 77 76 
1.00
16
0
52 51 53 68 67 57 
1.00
16
0
18 19 17 23 36 37 
1.00
17
0
67 68 69 70 81 82 72 
1.00
15
0
60 59 73 74 75 
1.00
15
0
11 2 3 13 12 
1.00
16
0
77 63 64 65 79 78 
1.00
16
0
82 81 83 91 92 85 
1.00
6
0
13 3 15 14 
1.00
6
0
75 74 86 87 
1.00
6
0
16 6 20 21 
1.00
15
0
24 16 21 33 34 
1.00
16
0
44 28 29 30 47 46 
1.00
17
0
61 46 47 48 49 64 63 
1.00
15
0
6 5 19 18 20 
1.00
16
0
69 56 55 62 71 70 
1.00
16
0
55 45 44 46 61 62 
1.00
17
0
22 9 10 11 12 27 26 
1.00
16
0
41 40 52 57 58 42 
1.00
15
0
92 91 94 97 95 
1.00
6
0
94 93 96 97 
1.00
16
0
58 57 67 72 73 59 
1.00
16
0
54 38 39 45 55 56 
1.00
16
0
34 33 35 51 52 40 
1.00
15
0
89 78 79 80 90 
1.00
16
0
36 23 22 26 39 38 
1.00
6
0
4 0 8 7 
1.00
16
0
91 83 84 88 93 94 
1.00
6
0
25 41 42 43 
1.00
15
0
24 34 40 41 25 
1.00
16
0
27 12 13 14 29 28 
1.00
2
96 1 -100.0000
2
5 1 100.0000
