0
1598 800 1 2
1
100.00 0.30
2
-2.1207 4.5318
2
-1.7841 4.6743
2
-1.4451 4.7901
2
-3.2878 3.7714
2
-3.5437 3.5317
2
-3.7805 3.2769
2
-2.4473 4.3630
2
-2.7133 4.2025
2
-3.0011 4.0036
2
-2.8783 3.8295
2
-3.1280 3.5978
2
-2.9393 3.6369
2
-2.0320 4.3441
2
-2.1455 4.1505
2
-2.2992 4.1422
2
-4.0095 2.9930
2
-1.5373 4.4014
2
-1.7001 4.4409
2
-1.8319 4.3045
2
-1.3779 4.5705
2
-1.0854 4.8843
2
-0.7297 4.9499
2
-0.3623 4.9909
2
-1.1942 4.5058
2
-1.0376 4.6525
2
-3.1801 3.4068
2
-3.3633 3.3539
2
-3.4091 3.1747
2
-3.5969 3.1102
2
-3.6291 2.9392
2
-3.8364 2.8618
2
-2.4063 3.9554
2
-2.6348 3.8395
2
-2.5636 3.9381
2
-2.5767 3.5958
2
-2.8125 3.5051
2
-2.8359 3.3416
2
-3.0379 3.2720
2
-2.0086 3.9820
2
-1.7761 4.0875
2
-2.0349 3.8490
2
-2.2616 3.7841
2
-4.2221 2.6848
2
-3.8408 2.6534
2
-4.0403 2.5715
2
-0.0000 5.0000
2
0.3031 4.9931
2
-4.4075 2.3671
2
-0.0126 4.7585
2
-1.1541 4.3351
2
-1.6620 4.0294
2
-1.3299 4.1863
2
-1.4636 4.2258
2
-1.6343 3.9496
2
-0.8425 4.5748
2
-0.6894 4.7026
2
-0.5173 4.6364
2
-0.1575 4.6608
2
-0.3415 4.7680
2
-0.1544 4.5194
2
-0.8193 4.3998
2
-0.9839 4.2602
2
-0.9561 4.1136
2
-3.7300 2.5755
2
-3.2526 3.0245
2
-3.0742 3.0856
2
-3.4821 2.7919
2
-3.2985 2.8596
2
-3.5158 2.6542
2
-2.4965 3.5503
2
-2.3121 3.6090
2
-2.4986 3.2871
2
-2.7097 3.2247
2
-2.7412 3.0249
2
-2.9363 2.9696
2
-1.9188 3.7141
2
-1.7464 3.7298
2
-1.9928 3.5029
2
-2.1541 3.4643
2
-4.0338 2.3477
2
-4.1827 2.2564
2
-3.8539 2.2701
2
-3.7221 2.3690
2
0.6077 4.9653
2
0.2168 4.6523
2
0.2910 4.7080
2
0.5546 4.6578
2
-4.5608 2.0565
2
-4.7892 1.4462
2
-4.6853 1.7533
2
-4.8691 1.1459
2
-4.1754 2.0426
2
-4.3029 1.9494
2
-4.9349 0.8212
2
-4.6549 0.7899
2
-4.5929 1.0603
2
0.1964 4.4762
2
0.0165 4.3899
2
-1.2488 3.9619
2
-1.1588 3.9410
2
-1.3951 3.8506
2
-1.3972 3.6494
2
-1.6157 3.5771
2
-0.6192 4.3075
2
-0.4705 4.4077
2
-0.3540 4.3718
2
-0.2587 4.1593
2
-0.0095 4.2159
2
-0.6243 4.1048
2
-0.7980 4.0212
2
-1.0446 3.7571
2
-0.8089 3.8027
2
-3.3898 2.4968
2
-3.5069 2.2901
2
-2.9772 2.7307
2
-3.1313 2.6940
2
-3.2196 2.5035
2
-2.8647 2.6499
2
-2.2188 3.2521
2
-2.4202 2.9710
2
-2.3860 3.2065
2
-2.6148 2.9106
2
-2.6433 2.7351
2
-1.6544 3.4182
2
-1.8428 3.3600
2
-2.0640 3.1193
2
-1.8917 3.1692
2
-3.9688 1.9639
2
-3.8343 2.0800
2
-3.6206 2.0024
2
-3.4741 2.2042
2
0.8994 4.9209
2
1.4866 4.7764
2
1.1853 4.8600
2
0.5811 4.6223
2
0.8341 4.6242
2
0.3538 4.3424
2
0.5331 4.4033
2
1.7964 4.6692
2
2.1015 4.5398
2
1.7081 4.4282
2
-4.9768 0.5085
2
-4.9999 0.1734
2
-4.2981 1.7292
2
-4.3995 1.6465
2
-4.5149 1.1034
2
-4.4053 1.4481
2
-4.5201 1.3611
2
-3.9440 1.7706
2
-4.0649 1.6592
2
-4.3706 1.0540
2
-4.5997 0.7160
2
-4.7057 0.4813
2
-4.4156 0.6993
2
-4.2928 0.8539
2
0.0924 4.0999
2
0.3111 4.1492
2
-1.2841 3.5591
2
-1.0989 3.6069
2
-1.3210 3.3376
2
-1.5168 3.2804
2
-0.3043 4.0529
2
-0.4724 4.0019
2
-0.1587 3.8709
2
0.0508 3.9223
2
-0.7248 3.7252
2
-0.5188 3.7666
2
-0.7581 3.5078
2
-0.9590 3.4527
2
-3.1140 2.3480
2
-3.2770 2.1374
2
-2.9753 2.3263
2
-2.8489 2.4467
2
-2.5972 2.3706
2
-2.5006 2.5936
2
-2.3413 2.6216
2
-2.1188 2.9039
2
-2.2819 2.8621
2
-1.7472 3.0367
2
-1.5579 3.0960
2
-1.9773 2.7845
2
-1.7874 2.8475
2
-3.7249 1.7029
2
-3.5824 1.8829
2
-3.3741 1.8161
2
-3.2236 2.0072
2
0.9162 4.5356
2
1.1197 4.5522
2
1.5120 4.3961
2
1.2008 4.4812
2
1.4093 4.5025
2
0.8453 4.3046
2
0.6892 4.2631
2
0.6258 4.0602
2
0.4289 4.0224
2
2.3997 4.3897
2
1.8308 4.2875
2
1.9933 4.3002
2
2.0978 4.1722
2
2.2779 4.1717
2
1.4673 4.2044
2
1.7307 4.0739
2
1.6308 4.0514
2
-5.0001 -0.1668
2
-4.6295 0.3544
2
-4.7319 0.1642
2
-4.6412 -0.0001
2
-4.7317 -0.1580
2
-4.0376 1.4423
2
-4.1580 1.3311
2
-4.1584 1.2109
2
-3.8115 1.3892
2
-3.6798 1.5563
2
-3.9822 1.0507
2
-4.0999 0.8326
2
-4.3192 0.5125
2
-4.4313 0.3424
2
-4.1270 0.5026
2
-4.0148 0.6928
2
0.1659 3.7899
2
0.3715 3.8277
2
-1.4183 2.9653
2
-1.0061 3.2764
2
-1.2281 3.0229
2
-1.1869 3.2213
2
-0.4024 3.6615
2
-0.2145 3.7017
2
-0.0921 3.5674
2
0.1111 3.6049
2
-0.4526 3.4435
2
-0.6353 3.3969
2
-0.8586 3.1369
2
-0.6789 3.1968
2
-2.8931 2.1184
2
-3.0392 1.9557
2
-2.5639 2.2915
2
-2.7195 2.0839
2
-2.2123 2.5105
2
-2.4003 2.2324
2
-2.2256 2.3502
2
-2.0074 2.5885
2
-1.6418 2.7157
2
-1.4599 2.7723
2
-1.6870 2.5223
2
-1.8628 2.4693
2
-3.3257 1.6793
2
-3.4611 1.4994
2
-3.1152 1.6237
2
-2.9808 1.7953
2
1.1593 4.1916
2
1.0189 4.1580
2
1.2616 4.1316
2
0.9298 3.9425
2
0.7544 3.9187
2
0.6722 3.7128
2
0.4887 3.6920
2
2.6850 4.2209
2
2.9478 4.0418
2
2.3700 4.0173
2
2.5306 3.9916
2
1.9364 3.9107
2
1.9934 3.9274
2
2.2146 3.8125
2
1.2983 3.8777
2
1.5397 3.8673
2
1.8398 3.7161
2
1.6185 3.7140
2
-4.9776 -0.5009
2
-4.9354 -0.8149
2
-4.6305 -0.3547
2
-4.7047 -0.4746
2
-4.4388 -0.0002
2
-4.3375 0.1687
2
-4.4314 -0.3425
2
-4.3376 -0.1774
2
-3.7535 1.2152
2
-3.8522 1.0670
2
-3.4079 1.3485
2
-3.5152 1.1918
2
-3.7146 0.8578
2
-3.8324 0.6820
2
-4.1391 0.1640
2
-4.0334 0.3404
2
-3.8447 0.3340
2
-3.7334 0.5078
2
0.2239 3.4704
2
0.4102 3.4917
2
-1.3189 2.6467
2
-1.1299 2.7094
2
-1.0896 2.8954
2
-0.8996 2.9542
2
-0.1480 3.3644
2
-0.3194 3.3264
2
-0.0315 3.2563
2
0.1516 3.2815
2
-0.3771 3.1106
2
-0.5178 3.0575
2
-0.7665 2.8282
2
-0.5632 2.8869
2
-2.6467 1.9273
2
-2.7769 1.7485
2
-2.4507 1.8957
2
-2.3467 2.0203
2
-1.9128 2.2340
2
-2.1158 1.9932
2
-2.0229 2.1993
2
-1.3530 2.4583
2
-1.5374 2.3857
2
-1.7666 2.1412
2
-1.5646 2.2388
2
-3.1812 1.3084
2
-3.0624 1.4738
2
-2.8435 1.4278
2
-2.7192 1.6016
2
-4.8733 -1.1296
2
1.2173 3.7862
2
1.0694 3.7817
2
0.9395 3.5672
2
0.7962 3.5647
2
0.5291 3.3470
2
0.6755 3.3469
2
3.2115 3.8360
2
2.6049 3.8518
2
2.7896 3.8155
2
2.8532 3.6820
2
3.0504 3.6402
2
2.2422 3.7178
2
2.4680 3.6493
2
1.9329 3.5531
2
2.1221 3.5481
2
1.5334 3.5566
2
1.3275 3.5520
2
1.6243 3.3877
2
1.8307 3.3821
2
3.4656 3.6081
2
-4.6031 -0.7146
2
-4.5899 -1.0630
2
-4.6518 -0.7801
2
-4.4123 -0.6957
2
-4.3181 -0.5228
2
-4.0417 -0.0088
2
-4.1392 -0.1729
2
-4.1259 -0.5112
2
-4.0347 -0.3567
2
-3.4436 1.0088
2
-3.5452 0.8613
2
-3.1198 1.1434
2
-3.2253 0.9918
2
-3.5496 0.5009
2
-3.4397 0.6630
2
-3.8488 -0.0089
2
-3.7450 0.1572
2
-3.4520 0.3185
2
-3.5591 0.1546
2
0.4044 3.1283
2
0.2691 3.1351
2
-1.1986 2.3329
2
-1.0348 2.3893
2
-0.9840 2.5738
2
-0.8050 2.6256
2
-0.6876 2.5268
2
-0.1677 2.9680
2
0.1256 2.9192
2
-0.0933 3.0012
2
-0.2292 2.7847
2
-0.4315 2.7349
2
-0.4807 2.5796
2
-2.5089 1.5585
2
-2.3886 1.7161
2
-2.0522 1.8696
2
-2.1742 1.6768
2
-1.8454 1.8365
2
-1.7504 1.9363
2
-1.2444 2.1125
2
-1.4014 2.0748
2
-1.4893 1.8824
2
-2.9005 1.1129
2
-2.7861 1.2753
2
-2.4512 1.3990
2
-2.5705 1.2365
2
-4.5503 -1.0868
2
-4.5547 -1.3723
2
-4.7887 -1.4480
2
-4.6789 -1.7714
2
1.2251 3.4031
2
1.0689 3.4011
2
0.9456 3.1947
2
0.7937 3.1974
2
0.6703 2.9800
2
0.5104 2.9887
2
3.1086 3.4725
2
3.2893 3.4267
2
2.5172 3.5287
2
2.7235 3.4801
2
2.9743 3.3226
2
2.7737 3.3750
2
2.3922 3.3485
2
2.2262 3.3474
2
2.1248 3.2028
2
1.9197 3.2101
2
1.3365 3.2180
2
1.5246 3.2152
2
1.8194 3.0477
2
1.6166 3.0558
2
3.7007 3.3665
2
3.3446 3.2429
2
3.5018 3.1894
2
3.9141 3.1156
2
-4.3709 -1.0529
2
-4.2861 -0.8669
2
-4.0142 -0.7041
2
-4.0957 -0.8451
2
-3.8420 -0.3493
2
-3.7455 -0.1924
2
-3.8222 -0.6884
2
-3.7328 -0.5411
2
-3.1477 0.8058
2
-3.2502 0.6585
2
-2.8328 0.9423
2
-2.9395 0.7911
2
-3.1579 0.4664
2
-3.2624 0.3125
2
-3.4563 -0.0302
2
-3.5577 -0.1889
2
-3.2730 -0.0298
2
-3.1692 0.1283
2
0.1714 2.8075
2
0.3879 2.7688
2
-1.1257 2.0165
2
-0.8504 2.2221
2
-0.8718 2.1262
2
-0.7101 2.3016
2
-0.4996 2.2127
2
-0.3565 2.4182
2
0.0548 2.6218
2
-0.0950 2.6172
2
-0.2192 2.4138
2
-2.2379 1.3573
2
-2.1133 1.5341
2
-1.7909 1.6331
2
-1.9089 1.4948
2
-1.4460 1.7758
2
-1.5740 1.5902
2
-1.2378 1.7215
2
-1.1139 1.8381
2
-2.6230 0.9167
2
-2.5092 1.0734
2
-2.2988 1.0383
2
-2.1779 1.2040
2
-4.4180 -1.4533
2
-4.3040 -1.4107
2
-4.2305 -1.2012
2
-4.4509 -1.6889
2
-4.3091 -1.7907
2
-4.3164 -1.9934
2
-4.5401 -2.1023
2
-4.3823 -2.4140
2
1.2243 3.0351
2
1.0593 3.0393
2
0.7736 2.8383
2
0.9389 2.8306
2
0.4598 2.6425
2
0.6555 2.6254
2
3.1726 3.0921
2
3.0222 3.1574
2
2.5262 3.1422
2
2.6456 3.1540
2
2.8204 2.9942
2
2.4248 2.9972
2
2.2090 3.0082
2
1.9041 2.8776
2
2.1088 2.8647
2
1.5127 2.8692
2
1.3267 2.8771
2
1.5984 2.7290
2
1.8014 2.7159
2
3.5529 3.0033
2
3.7060 2.9491
2
3.3853 2.8587
2
3.2100 2.9346
2
4.1086 2.8539
2
4.2761 2.5961
2
3.7598 2.7431
2
3.8902 2.7014
2
4.4309 2.3221
2
-3.9771 -1.0504
2
-4.0521 -1.1719
2
-3.7966 -1.0317
2
-3.7060 -0.8888
2
-3.4502 -0.3796
2
-3.5450 -0.5308
2
-3.4321 -0.7275
2
-3.5262 -0.8762
2
-2.8575 0.6018
2
-2.9583 0.4585
2
-2.5505 0.7385
2
-2.6592 0.5911
2
-2.8736 0.2675
2
-2.9720 0.1213
2
-3.1668 -0.2190
2
-3.2660 -0.3730
2
-2.9894 -0.2155
2
-2.8871 -0.0582
2
0.3497 2.4437
2
0.1745 2.4455
2
-0.7564 1.9447
2
-0.8778 1.7526
2
-0.4618 2.0986
2
-0.5686 1.9378
2
-0.1067 2.2526
2
-0.2329 2.0537
2
0.0546 2.2450
2
-1.9711 1.1648
2
-1.8503 1.3160
2
-1.6415 1.2752
2
-1.5163 1.4351
2
-1.3146 1.3931
2
-1.1934 1.5248
2
-0.9762 1.4730
2
-0.8460 1.6512
2
-2.2342 0.8734
2
-2.3522 0.7154
2
-1.9115 0.9950
2
-2.0313 0.8393
2
-4.0925 -1.6936
2
-3.9293 -1.4005
2
-4.0951 -1.5416
2
-3.9850 -1.7799
2
-4.0036 -2.0120
2
-4.1529 -2.0917
2
-4.1581 -2.2953
2
-4.0074 -2.3876
2
-3.9942 -2.5918
2
-4.1966 -2.7242
2
1.2133 2.6780
2
1.0423 2.6842
2
0.9289 2.4796
2
0.7485 2.4823
2
0.6452 2.2879
2
0.4518 2.2900
2
2.8232 2.8999
2
3.0411 2.7789
2
2.6802 2.7664
2
2.4997 2.8012
2
2.3647 2.6511
2
2.1885 2.6771
2
2.0637 2.5262
2
1.8814 2.5479
2
1.3129 2.5327
2
1.4948 2.5246
2
1.7692 2.3915
2
1.5741 2.4093
2
3.4171 2.6950
2
3.5990 2.6168
2
3.0588 2.6405
2
3.2558 2.5520
2
3.9672 2.4534
2
4.1732 2.1996
2
4.0361 2.4374
2
3.8177 2.3548
2
3.6212 2.4409
2
4.1506 2.1286
2
4.3200 1.9370
2
4.5654 2.0453
2
-3.8170 -1.4136
2
-3.6729 -1.2379
2
-3.4096 -1.0733
2
-3.5246 -1.2415
2
-3.1553 -0.5675
2
-3.2496 -0.7174
2
-3.2339 -1.0697
2
-3.1381 -0.9095
2
-2.5680 0.3869
2
-2.6618 0.2589
2
-2.3915 0.3860
2
-2.2747 0.5343
2
-2.5876 0.0595
2
-2.6760 -0.0709
2
-2.9730 -0.5584
2
-2.8756 -0.4071
2
-2.7213 -0.3997
2
-2.6088 -0.2398
2
0.1566 2.0956
2
0.3473 2.0887
2
-0.6205 1.5790
2
-0.4868 1.7590
2
-0.2839 1.7274
2
-0.1633 1.9036
2
0.0430 1.8791
2
-1.7050 0.9560
2
-1.5824 1.1024
2
-1.3864 1.0629
2
-1.2583 1.2014
2
-0.9241 1.3189
2
-1.0668 1.1580
2
-0.7465 1.2685
2
-0.5760 1.4411
2
-2.0887 0.5099
2
-1.9685 0.6746
2
-2.0195 0.3618
2
-1.6464 0.7707
2
-1.7630 0.6381
2
-3.7075 -1.6015
2
-3.7764 -1.7354
2
-3.7857 -2.2682
2
-3.6481 -1.9502
2
-3.8088 -2.1106
2
-3.6966 -2.3283
2
-3.6794 -2.5761
2
-3.8149 -2.6693
2
-3.7975 -2.8770
2
-3.9879 -3.0216
2
1.0433 2.3194
2
1.2026 2.3304
2
0.9482 2.1383
2
0.7425 2.1354
2
0.6524 1.9516
2
0.4417 1.9447
2
2.9103 2.5050
2
2.7404 2.5476
2
2.5938 2.4157
2
2.4440 2.4477
2
2.2887 2.2991
2
1.9834 2.1764
2
2.1440 2.3312
2
1.8452 2.2164
2
1.3503 2.1560
2
1.4753 2.1806
2
1.6571 2.0418
2
3.2826 2.3932
2
3.4695 2.3137
2
2.9685 2.2977
2
3.1290 2.2558
2
3.9810 2.0491
2
3.8123 2.1470
2
3.6678 2.0703
2
3.4939 2.1508
2
3.9602 1.8435
2
4.0866 1.7305
2
4.2890 1.8047
2
4.4341 1.6509
2
4.6881 1.7460
2
-3.5060 -1.5859
2
-3.4129 -1.4253
2
-3.2275 -1.4188
2
-3.1263 -1.2479
2
-2.8632 -0.7512
2
-2.9377 -0.8979
2
-2.8371 -1.0670
2
-2.9411 -1.2460
2
-2.2665 0.1482
2
-2.3462 0.0510
2
-2.1522 0.1602
2
-2.2991 -0.1861
2
-2.4004 -0.2751
2
-2.6307 -0.7205
2
-2.5857 -0.6001
2
-2.3713 -0.5223
2
0.1285 1.7417
2
0.3646 1.7689
2
-0.2061 1.5398
2
-0.4261 1.3814
2
-0.1488 1.5164
2
0.0836 1.6076
2
-1.4519 0.7338
2
-1.3257 0.8660
2
-1.1428 0.8286
2
-1.0040 0.9739
2
-0.6826 1.0854
2
-0.8315 0.9345
2
-0.5156 1.0439
2
-0.3705 1.1845
2
-1.7076 0.4421
2
-1.8230 0.3228
2
-1.9708 -0.0062
2
-1.7791 0.1287
2
-1.3910 0.5270
2
-1.5194 0.4034
2
-3.5241 -1.9599
2
-3.3891 -1.7773
2
-3.4090 -2.1464
2
-3.4661 -2.2703
2
-3.4917 -2.6379
2
-3.3479 -2.4784
2
-3.4443 -2.8050
2
-3.6036 -2.9519
2
-3.5686 -3.1312
2
-3.7581 -3.3026
2
0.4777 1.5992
2
1.2631 1.9816
2
1.0425 1.9813
2
0.9489 1.7973
2
0.7516 1.7974
2
0.6519 1.6084
2
2.8214 2.1653
2
2.6669 2.1997
2
2.5171 2.0623
2
2.3649 2.0960
2
1.6685 1.9375
2
1.9023 1.8463
2
2.2145 1.9511
2
2.0462 1.9953
2
1.3421 1.8340
2
1.5576 1.8110
2
3.1938 2.0488
2
3.3379 2.0167
2
3.0531 1.9188
2
2.8911 1.9516
2
3.7149 1.7659
2
3.4175 1.8050
2
3.6589 1.8178
2
3.7192 1.6011
2
4.0578 1.5490
2
3.8875 1.4837
2
4.2014 1.4233
2
4.4035 1.4983
2
4.5429 1.3563
2
4.7934 1.4323
2
-3.1151 -1.5984
2
-3.2311 -1.7804
2
-2.8360 -1.4141
2
-2.9394 -1.5981
2
-2.5361 -0.8799
2
-2.6516 -1.0708
2
-2.6437 -1.4118
2
-2.5498 -1.2372
2
-1.9769 -0.1326
2
-2.0990 -0.2309
2
-2.2543 -0.5877
2
-2.0676 -0.4610
2
-2.3637 -0.8954
2
-2.2305 -0.7357
2
0.3740 1.4179
2
0.2315 1.4084
2
-0.1806 1.1354
2
0.1137 1.2410
2
-0.0633 1.2552
2
-0.1378 0.9606
2
-1.0757 0.6275
2
-1.2175 0.4904
2
-0.9128 0.5915
2
-0.4507 0.8492
2
-0.7625 0.7378
2
-0.6018 0.7000
2
-0.2825 0.8070
2
0.4977 1.2492
2
-1.6258 0.0622
2
-1.4638 0.1893
2
-1.5979 -0.1173
2
-1.7582 -0.2448
2
-1.1500 0.2779
2
-1.3088 0.1429
2
-3.2063 -2.1196
2
-3.1176 -1.9568
2
-3.2000 -2.4900
2
-3.0697 -2.3246
2
-3.0993 -2.6967
2
-3.2830 -2.8590
2
-3.2222 -3.0531
2
-3.3748 -3.1980
2
-3.3347 -3.3751
2
-3.5157 -3.5596
2
0.7740 1.4417
2
0.6737 1.2519
2
1.0420 1.6503
2
1.2342 1.6392
2
0.9340 1.4535
2
1.3115 1.5120
2
2.7512 1.8184
2
2.5893 1.8514
2
2.4484 1.7161
2
2.2754 1.7553
2
1.6154 1.5966
2
1.9333 1.6784
2
1.8261 1.5663
2
2.1436 1.6243
2
1.5208 1.4905
2
3.3360 1.6851
2
3.1211 1.7070
2
3.0115 1.5797
2
2.8200 1.6118
2
3.4033 1.5029
2
3.5372 1.4648
2
3.8480 1.2527
2
3.6148 1.2520
2
3.9180 1.1725
2
4.1760 1.2498
2
4.2913 1.1249
2
4.5020 1.1778
2
4.6204 1.0504
2
4.8785 1.1081
2
-2.9298 -1.9471
2
-2.8348 -1.7566
2
-2.5438 -1.5731
2
-2.6387 -1.7520
2
-2.3439 -1.2305
2
-2.2686 -1.0856
2
-2.3464 -1.5712
2
-2.2505 -1.3931
2
-1.8992 -0.5293
2
-1.7455 -0.4279
2
-1.8827 -0.7768
2
-1.9878 -0.8410
2
-2.0315 -1.0646
2
0.7738 1.1020
2
0.2097 1.0513
2
0.3813 1.0421
2
0.0818 0.8884
2
0.1115 0.7627
2
-0.2149 0.6235
2
-0.0787 0.5853
2
-1.0014 0.2399
2
-0.8395 0.3852
2
-0.6933 0.3492
2
-0.3802 0.4643
2
-0.5304 0.5028
2
0.4860 0.8936
2
0.6943 0.9170
2
-1.4101 -0.2033
2
-1.2520 -0.0666
2
-1.3902 -0.3516
2
-1.5751 -0.5078
2
-1.0867 -0.1127
2
-0.9293 0.0301
2
-2.9283 -2.3201
2
-2.8220 -2.0952
2
-2.8223 -2.4340
2
-2.9717 -2.7274
2
-2.8560 -2.6514
2
-2.9170 -2.9815
2
-3.0506 -3.0976
2
-2.9948 -3.3142
2
-3.1197 -3.4431
2
-3.0906 -3.5993
2
-3.2592 -3.7957
2
-3.0043 -3.9997
2
1.0787 1.2747
2
0.9973 1.1100
2
1.2109 1.3008
2
1.3905 1.1486
2
1.5729 1.2837
2
2.6903 1.4729
2
2.5116 1.5111
2
2.1899 1.4251
2
2.3753 1.3784
2
1.7318 1.2254
2
2.0585 1.3040
2
1.8764 1.3521
2
3.0746 1.3864
2
3.2455 1.3466
2
2.7528 1.2852
2
2.9363 1.2430
2
3.5224 1.1230
2
3.3136 1.1505
2
3.9106 1.0453
2
3.5920 0.9377
2
3.7067 0.9025
2
4.2471 0.9412
2
4.0714 0.8947
2
4.3694 0.8159
2
4.5731 0.8550
2
4.6767 0.7425
2
4.9408 0.7844
2
-2.5357 -1.9158
2
-2.6312 -2.0920
2
-2.3457 -1.9117
2
-2.2461 -1.7335
2
-1.9434 -1.1719
2
-2.0463 -1.3969
2
-2.0589 -1.7336
2
-1.9517 -1.5362
2
-1.7181 -0.8315
2
-1.5351 -0.6752
2
-1.7696 -1.1749
2
-1.6524 -1.0256
2
1.0761 0.9619
2
0.8175 0.7546
2
0.9813 0.7806
2
0.4172 0.7106
2
0.2760 0.6684
2
0.2236 0.3881
2
0.0012 0.4071
2
-0.1167 0.2404
2
-0.3092 0.2782
2
-0.4508 0.1152
2
-0.7737 -0.0073
2
-0.6179 0.1520
2
0.7442 0.5882
2
0.5815 0.5485
2
-1.3861 -0.7381
2
-1.1852 -0.4703
2
-1.0234 -0.3247
2
-1.1798 -0.5673
2
-0.8588 -0.3641
2
-0.6986 -0.1972
2
-2.5269 -2.2627
2
-2.5936 -2.3978
2
-2.6138 -2.7518
2
-2.4882 -2.5951
2
-2.5943 -2.8678
2
-2.7330 -3.0220
2
-2.6691 -3.2129
2
-2.7994 -3.3498
2
-2.5086 -3.2456
2
-2.7316 -3.5701
2
-2.8310 -3.6957
2
-2.8224 -3.7767
2
-2.5867 -3.9430
2
-2.7312 -4.1915
2
1.3870 1.0139
2
1.3053 0.9399
2
1.7666 1.0486
2
1.6304 0.9126
2
2.6104 1.1308
2
2.4299 1.1768
2
2.2910 1.0477
2
2.1041 1.0955
2
1.9748 0.9778
2
2.9958 1.0489
2
3.1968 1.0126
2
2.6674 0.9648
2
2.8747 0.9140
2
3.4239 0.7825
2
3.2607 0.8176
2
4.0063 0.6935
2
3.7911 0.6973
2
3.6898 0.5506
2
3.5049 0.5644
2
4.3141 0.6050
2
4.0792 0.5912
2
4.3932 0.5065
2
4.6272 0.5246
2
4.6985 0.4410
2
4.9808 0.4650
2
-2.2371 -2.0841
2
-2.3286 -2.2452
2
-2.0591 -2.0769
2
-1.9528 -1.8940
2
-1.6597 -1.3800
2
-1.7694 -1.5412
2
-1.6711 -1.7200
2
-1.7808 -1.8941
2
-1.4433 -1.0551
2
-1.3302 -0.9100
2
-1.3734 -1.2386
2
-1.4731 -1.3815
2
1.1365 0.6012
2
1.3250 0.6831
2
1.0979 0.4687
2
0.8929 0.4119
2
0.2749 0.3302
2
0.5159 0.3681
2
0.2553 0.1586
2
-0.0460 0.0736
2
0.0466 0.0412
2
-0.3767 -0.0645
2
-0.2383 -0.1002
2
-0.5408 -0.2343
2
0.6333 0.2149
2
0.8345 0.2506
2
-0.9988 -0.7262
2
-1.1252 -0.9442
2
-0.8951 -0.7149
2
-0.7807 -0.5559
2
-0.5803 -0.5719
2
-0.4641 -0.4201
2
-2.2087 -2.4394
2
-2.3286 -2.6012
2
-2.2205 -2.8045
2
-2.3523 -2.9727
2
-2.3377 -3.0574
2
-2.5141 -3.5739
2
-2.4201 -3.4282
2
-2.1307 -3.1917
2
-2.2245 -3.4274
2
-2.4166 -3.7737
2
-2.4990 -3.9209
2
-2.3237 -4.1205
2
-2.4534 -4.3601
2
1.4682 0.6111
2
1.6485 0.7693
2
1.8461 0.6681
2
1.9985 0.7941
2
2.5250 0.7869
2
2.3448 0.8315
2
2.2020 0.7093
2
2.5860 0.6463
2
2.9206 0.7295
2
3.1273 0.6800
2
2.8152 0.6157
2
3.3806 0.4261
2
3.1722 0.4994
2
3.4032 0.3017
2
3.7825 0.3733
2
4.0191 0.3984
2
3.7143 0.2200
2
3.6011 0.1842
2
4.3356 0.2935
2
4.1130 0.2706
2
4.4233 0.1885
2
4.6562 0.2070
2
4.7101 0.1478
2
4.9998 0.1609
2
5.0002 -0.1283
2
-2.0609 -2.4385
2
-1.9391 -2.2544
2
-1.7887 -2.2534
2
-1.6698 -2.0689
2
-1.3750 -1.5800
2
-1.4718 -1.7284
2
-1.3944 -1.8946
2
-1.5056 -2.0722
2
-1.0511 -1.0831
2
-1.1581 -1.2565
2
-1.1821 -1.5780
2
-1.0807 -1.4201
2
1.4975 0.4845
2
1.2299 0.3029
2
1.3655 0.3104
2
0.9552 0.0952
2
1.1272 0.1108
2
0.5640 0.0406
2
0.4166 0.0090
2
0.3312 -0.1875
2
0.1319 -0.1848
2
0.0361 -0.3105
2
-0.2683 -0.4444
2
-0.1539 -0.2955
2
0.7030 -0.1147
2
0.8671 -0.0950
2
-0.7412 -0.9254
2
-0.8612 -1.0978
2
-0.6006 -0.9182
2
-0.4905 -0.7721
2
-0.3066 -0.7800
2
-0.1952 -0.6208
2
-2.0570 -2.8088
2
-1.9367 -2.6193
2
-1.9433 -2.9802
2
-2.0245 -3.1633
2
-2.2020 -3.7507
2
-2.1213 -3.5566
2
-1.8553 -3.3242
2
-1.9300 -3.5387
2
-2.0788 -3.9144
2
-2.1609 -4.0970
2
-2.0252 -4.2699
2
-2.1618 -4.5122
2
1.8569 0.5065
2
1.7114 0.3991
2
2.2178 0.5315
2
2.0376 0.4088
2
2.4003 0.4272
2
2.4859 0.4558
2
3.0073 0.3426
2
2.7096 0.2832
2
2.8648 0.3858
2
3.0787 0.1577
2
3.2319 0.1260
2
3.5243 -0.0511
2
3.3251 -0.0643
2
3.8889 0.0438
2
4.0478 0.0805
2
3.8117 -0.1438
2
3.6322 -0.1719
2
4.1872 -0.0627
2
4.3632 -0.0294
2
4.4751 -0.1366
2
4.6841 -0.1113
2
4.7200 -0.1431
2
4.7288 -0.3982
2
4.9809 -0.4551
2
-1.7806 -2.6164
2
-1.6658 -2.4302
2
-1.3958 -2.2412
2
-1.5146 -2.4265
2
-1.2544 -2.2451
2
-1.0733 -1.7776
2
-1.1643 -1.9217
2
-1.1188 -2.0543
2
-0.8715 -1.4359
2
-0.7689 -1.2762
2
-0.8978 -1.7633
2
-0.8012 -1.5879
2
1.7197 0.1832
2
1.5131 0.1082
2
1.4661 -0.0193
2
1.2525 -0.0579
2
0.9921 -0.2504
2
1.1833 -0.2250
2
0.6122 -0.3191
2
0.4219 -0.3228
2
0.3301 -0.5057
2
0.1179 -0.5028
2
0.0242 -0.6468
2
0.7108 -0.4501
2
0.9140 -0.4374
2
-0.5791 -1.2801
2
-0.4678 -1.1426
2
-0.3305 -1.1393
2
-0.2063 -0.9660
2
-0.0410 -0.9743
2
0.0794 -0.7901
2
-1.6593 -2.7901
2
-1.7355 -2.9558
2
-1.6174 -3.1281
2
-1.6817 -3.2851
2
-1.8826 -3.8843
2
-1.8261 -3.6529
2
-1.5439 -3.4590
2
-1.6114 -3.6240
2
-1.7775 -3.9821
2
-1.7757 -4.1496
2
-1.8817 -4.2645
2
-1.7510 -4.5065
2
-1.8116 -4.6646
2
1.8383 0.1068
2
2.0491 0.2397
2
2.3362 0.1770
2
2.2133 0.1337
2
2.6847 0.1483
2
2.5000 0.0710
2
2.9250 -0.0173
2
2.8469 -0.0168
2
3.0704 -0.2174
2
3.2427 -0.2018
2
3.5620 -0.3761
2
3.3617 -0.3995
2
3.9543 -0.3066
2
4.1191 -0.2593
2
3.6727 -0.5079
2
3.9025 -0.4534
2
4.3045 -0.4239
2
4.4114 -0.3820
2
4.6194 -0.4833
2
4.6268 -0.6785
2
4.9491 -0.7260
2
1.8601 -0.0341
2
-1.3898 -2.6019
2
-1.4629 -2.7642
2
-1.1953 -2.5706
2
-1.1330 -2.4136
2
-0.9005 -2.1324
2
-0.9356 -2.3731
2
-0.7919 -2.0715
2
-0.7631 -1.9398
2
-0.4773 -1.5250
2
-0.5576 -1.6129
2
-0.5323 -1.8398
2
1.5782 -0.1851
2
1.7323 -0.1887
2
1.3013 -0.3839
2
1.4686 -0.3723
2
1.0178 -0.5822
2
1.2125 -0.5638
2
0.6303 -0.6557
2
0.4221 -0.6624
2
0.3242 -0.8483
2
0.7250 -0.7812
2
0.9474 -0.7516
2
0.3498 -0.9181
2
-0.3186 -1.5210
2
-0.0454 -1.3252
2
-0.1961 -1.3311
2
0.0661 -1.1420
2
0.2126 -1.1421
2
-1.4038 -3.0906
2
-1.3424 -2.9323
2
-1.2851 -3.2544
2
-1.3482 -3.4221
2
-1.4905 -3.8016
2
-1.5264 -3.8926
2
-1.2229 -3.5803
2
-1.2858 -3.7526
2
-1.4061 -4.1291
2
-1.5130 -4.2442
2
-1.5108 -4.4096
2
-1.3846 -4.5192
2
-1.4503 -4.7879
2
2.1578 -0.1120
2
2.1102 -0.1383
2
2.4176 -0.2127
2
2.4774 -0.1779
2
2.6832 -0.2372
2
2.7461 -0.3711
2
2.9680 -0.3973
2
3.2750 -0.5588
2
3.0322 -0.5265
2
3.3185 -0.6689
2
3.6320 -0.6922
2
3.5203 -0.7458
2
4.2456 -0.5831
2
4.0242 -0.6315
2
3.8056 -0.8139
2
3.9755 -0.7550
2
4.3548 -0.7425
2
4.5684 -0.7484
2
4.6199 -0.9712
2
4.9003 -1.0074
2
1.8475 -0.3893
2
2.0491 -0.3555
2
-1.1316 -2.8928
2
-1.0744 -2.7282
2
-0.8190 -2.4738
2
-0.8684 -2.6859
2
-0.6459 -2.4305
2
-0.5895 -2.2202
2
-0.4046 -1.9225
2
-0.4481 -2.1684
2
-0.2567 -1.8774
2
-0.1848 -1.6964
2
1.7795 -0.5230
2
1.5961 -0.5496
2
1.3319 -0.7344
2
1.5166 -0.7088
2
1.0606 -0.9199
2
1.2591 -0.8854
2
0.6689 -0.9773
2
0.5657 -1.0196
2
0.8392 -1.1014
2
1.0032 -1.0528
2
0.5120 -1.2551
2
0.3441 -1.3018
2
0.2900 -1.4566
2
0.0152 -1.6595
2
0.0782 -1.4964
2
-1.0678 -3.2166
2
-1.0111 -3.0483
2
-1.0176 -3.5446
2
-0.9562 -3.3646
2
-1.2541 -4.1279
2
-1.1444 -3.9163
2
-0.9879 -3.8987
2
-0.9025 -3.6867
2
-1.1392 -4.2705
2
-1.2083 -4.4766
2
-1.0554 -4.6217
2
-1.1212 -4.8761
2
2.3630 -0.4473
2
2.1626 -0.4837
2
2.4827 -0.5699
2
2.6377 -0.5570
2
2.7730 -0.7317
2
2.9295 -0.7207
2
3.0624 -0.8869
2
3.1753 -0.8808
2
3.4885 -0.9994
2
3.3323 -1.0474
2
3.6371 -1.0915
2
3.7694 -1.0357
2
4.2295 -0.9745
2
3.9454 -1.1309
2
4.1335 -0.9656
2
4.2987 -1.0581
2
4.5440 -1.0689
2
4.5968 -1.2650
2
4.8231 -1.3287
2
2.0997 -0.6769
2
1.8997 -0.7022
2
-0.8004 -3.0049
2
-0.7464 -2.8110
2
-0.5577 -2.7682
2
-0.4995 -2.5589
2
-0.3357 -2.5157
2
-0.2782 -2.2837
2
-0.1442 -2.2399
2
-0.0784 -2.0407
2
0.0826 -1.9921
2
0.1395 -1.8170
2
1.6419 -0.8856
2
1.8202 -0.8683
2
1.5466 -1.0611
2
1.3852 -1.0705
2
1.2719 -1.2468
2
1.1454 -1.2460
2
0.6832 -1.3845
2
0.7914 -1.3340
2
1.0000 -1.4242
2
0.6402 -1.5569
2
0.4029 -1.6084
2
0.3559 -1.7716
2
-0.7309 -3.3307
2
-0.6759 -3.1453
2
-0.7020 -3.6696
2
-0.6327 -3.4578
2
-0.8582 -4.0378
2
-0.9257 -4.2443
2
-0.6046 -3.7866
2
-0.6834 -4.0063
2
-0.8207 -4.3700
2
-0.8743 -4.5695
2
-0.7193 -4.7114
2
-0.7674 -4.9445
2
2.3890 -0.7959
2
2.2089 -0.8102
2
2.6682 -0.9250
2
2.5117 -0.9379
2
2.8051 -1.0941
2
2.9499 -1.0792
2
3.2731 -1.2114
2
3.0958 -1.2570
2
3.6090 -1.3134
2
3.4281 -1.3809
2
3.9716 -1.2895
2
3.7645 -1.4223
2
4.1153 -1.3690
2
4.2583 -1.3031
2
4.4488 -1.4034
2
4.4665 -1.5357
2
4.7267 -1.6385
2
1.9358 -1.0290
2
2.1246 -1.0145
2
-0.4744 -3.0989
2
-0.4189 -2.9028
2
-0.1880 -2.6355
2
-0.2352 -2.8554
2
-0.0198 -2.5844
2
0.0364 -2.3865
2
0.2402 -2.1443
2
0.1860 -2.3349
2
0.4133 -2.0921
2
0.4651 -1.9063
2
1.6646 -1.2274
2
1.8474 -1.2151
2
1.5707 -1.4110
2
1.3866 -1.4194
2
1.0404 -1.5786
2
1.2957 -1.5873
2
0.9920 -1.6553
2
0.7397 -1.6906
2
0.6885 -1.8698
2
-0.3947 -3.4393
2
-0.3372 -3.2442
2
-0.3162 -3.5498
2
-0.4063 -3.7795
2
-0.3194 -3.8869
2
-0.5886 -4.3357
2
-0.5319 -4.1550
2
-0.3850 -4.1093
2
-0.4971 -4.4623
2
-0.5568 -4.6499
2
-0.3599 -4.8154
2
-0.3795 -4.9906
2
2.4151 -1.1444
2
2.2363 -1.1565
2
2.5346 -1.2958
2
2.7064 -1.2819
2
3.0306 -1.4189
2
2.8293 -1.4468
2
3.3796 -1.5418
2
3.1358 -1.5660
2
3.4461 -1.6469
2
3.7725 -1.5968
2
3.6833 -1.6781
2
4.1154 -1.5982
2
4.0040 -1.6779
2
4.3310 -1.6799
2
4.3552 -1.8074
2
4.6202 -1.9175
2
4.5024 -2.1795
2
1.9604 -1.3691
2
2.1465 -1.3567
2
0.7804 -1.9881
2
-0.1334 -3.1904
2
-0.1059 -2.9661
2
0.1002 -2.9015
2
0.1426 -2.7306
2
0.5647 -2.2332
2
0.5276 -2.4063
2
0.3170 -2.6659
2
0.3550 -2.4753
2
0.7357 -2.1702
2
1.6818 -1.5710
2
1.8699 -1.5609
2
1.5894 -1.7546
2
1.3819 -1.7618
2
1.0680 -1.9151
2
1.3073 -1.8872
2
1.0398 -1.9562
2
-0.0275 -3.2759
2
-0.0954 -3.5642
2
-0.0121 -3.4779
2
-0.0372 -3.8140
2
-0.0876 -3.8796
2
-0.2045 -4.2362
2
-0.0323 -4.0986
2
-0.1968 -4.3872
2
-0.2516 -4.4500
2
-0.2116 -4.7020
2
-0.0337 -4.7486
2
-0.0000 -5.0000
2
2.2597 -1.5046
2
2.4429 -1.4901
2
2.5625 -1.6473
2
2.7536 -1.6211
2
2.8807 -1.7869
2
3.0687 -1.7539
2
3.2019 -1.9010
2
3.3620 -1.8693
2
3.7036 -1.9149
2
3.5166 -2.0105
2
4.0071 -1.9048
2
3.8562 -1.9928
2
4.2042 -1.9933
2
4.2229 -2.0586
2
4.1069 -2.2829
2
4.3620 -2.4475
2
1.9787 -1.7106
2
2.1720 -1.7001
2
0.9093 -2.3177
2
1.0846 -2.1841
2
0.2530 -3.0673
2
0.2283 -3.1743
2
0.4589 -2.9775
2
0.6824 -2.6936
2
0.4735 -2.7922
2
0.9064 -2.4220
2
0.6911 -2.5471
2
1.6927 -1.9108
2
1.8856 -1.9124
2
1.2722 -2.2562
2
1.5765 -2.1211
2
1.4124 -2.1089
2
0.3597 -3.3715
2
0.2190 -3.5320
2
0.2725 -3.7340
2
0.2197 -3.8070
2
0.2744 -4.0295
2
0.1347 -4.1551
2
0.0641 -4.4523
2
0.1718 -4.3453
2
0.0864 -4.6545
2
0.2712 -4.7162
2
0.2907 -4.9939
2
2.2796 -1.8478
2
2.4880 -1.8237
2
2.6038 -1.9863
2
2.8124 -1.9494
2
2.9459 -2.1354
2
3.1350 -2.0883
2
3.2928 -2.2535
2
3.4978 -2.1537
2
3.8567 -2.1995
2
3.6622 -2.2976
2
4.0269 -2.3099
2
3.9681 -2.5329
2
4.2182 -2.6885
2
2.2089 -2.0300
2
1.9789 -2.0474
2
0.4546 -3.3791
2
1.3012 -2.4221
2
1.0556 -2.5563
2
0.6093 -3.0890
2
0.6137 -3.2496
2
1.0556 -2.7004
2
0.8222 -2.9718
2
0.8242 -2.8139
2
1.6731 -2.2606
2
1.9131 -2.2326
2
1.4093 -2.4993
2
1.6194 -2.4373
2
0.5295 -3.7278
2
0.5886 -3.6386
2
0.5968 -3.9450
2
0.4547 -4.0761
2
0.3749 -4.4003
2
0.5049 -4.2883
2
0.4099 -4.6237
2
0.5562 -4.6758
2
0.5950 -4.9668
2
2.5411 -2.1484
2
2.3041 -2.1716
2
2.8845 -2.2809
2
2.6288 -2.2904
2
2.9438 -2.4054
2
3.2643 -2.4089
2
3.1952 -2.4576
2
3.6423 -2.4591
2
3.5068 -2.5392
2
3.8456 -2.5942
2
3.8145 -2.7694
2
4.0476 -2.9394
2
2.2415 -2.3449
2
2.0184 -2.3803
2
0.7778 -3.5966
2
0.8125 -3.3554
2
1.4007 -2.7354
2
1.1818 -2.8092
2
0.9509 -3.2896
2
0.9679 -3.0844
2
1.1659 -3.0045
2
1.7630 -2.5965
2
1.9621 -2.5444
2
1.7119 -2.7667
2
1.5164 -2.8255
2
0.8892 -3.6792
2
0.7760 -3.9882
2
0.8888 -3.9065
2
0.8088 -4.2391
2
0.6841 -4.3353
2
0.7258 -4.5801
2
0.8338 -4.6236
2
0.8889 -4.9226
2
2.3548 -2.4988
2
2.5599 -2.4693
2
2.6786 -2.6233
2
2.8435 -2.6052
2
3.1665 -2.7060
2
2.9805 -2.7653
2
3.4776 -2.7413
2
3.3076 -2.8096
2
3.6475 -2.8647
2
3.6390 -2.9951
2
3.8654 -3.1749
2
2.2888 -2.6701
2
2.1000 -2.7104
2
1.1086 -3.6003
2
1.1093 -3.3864
2
1.2803 -3.3015
2
1.4930 -3.0454
2
1.3034 -3.1143
2
1.8591 -2.9249
2
2.0360 -2.8801
2
1.6222 -3.1425
2
1.8014 -3.0904
2
1.2049 -3.6696
2
1.0989 -3.9786
2
1.2235 -3.8802
2
1.0086 -4.2926
2
1.1226 -4.1953
2
1.0421 -4.5283
2
1.1103 -4.5655
2
1.1627 -4.8653
2
2.4244 -2.8342
2
2.5973 -2.8049
2
2.9352 -2.9147
2
2.7368 -2.9740
2
3.2779 -3.0132
2
3.0778 -3.0761
2
3.4353 -3.1499
2
3.4366 -3.1857
2
3.6762 -3.3917
2
2.1814 -3.0436
2
2.3456 -3.0177
2
1.4693 -3.4394
2
1.4408 -3.5813
2
1.5920 -3.3731
2
2.0873 -3.2487
2
1.8158 -3.4715
2
1.9501 -3.2588
2
1.5717 -3.7506
2
1.4139 -3.9439
2
1.3313 -4.2501
2
1.4665 -4.0902
2
1.3904 -4.4392
2
1.3537 -4.4991
2
1.4534 -4.7860
2
2.4814 -3.1787
2
2.6897 -3.1182
2
3.0311 -3.2370
2
2.8261 -3.2874
2
3.1656 -3.3961
2
3.2765 -3.3873
2
3.4671 -3.6058
2
2.2169 -3.3978
2
2.4400 -3.3230
2
1.8463 -3.5672
2
1.6698 -3.7589
2
1.9909 -3.6301
2
2.1936 -3.5200
2
1.7945 -3.9594
2
1.6483 -4.1324
2
1.7211 -4.3107
2
1.6301 -4.4321
2
1.7270 -4.6947
2
2.5786 -3.4899
2
2.7689 -3.4475
2
2.9058 -3.6157
2
3.0681 -3.5809
2
3.2552 -3.7982
2
2.5103 -3.6652
2
2.3514 -3.6928
2
2.2585 -3.8780
2
1.9342 -3.9709
2
2.0420 -3.8532
2
2.0307 -4.1870
2
1.9002 -4.3268
2
2.0078 -4.5818
2
2.6461 -3.8254
2
2.8489 -3.7575
2
3.0237 -3.9849
2
2.3389 -4.0321
2
2.6208 -3.9284
2
2.3977 -4.0481
2
2.1577 -4.2042
2
2.2851 -4.4498
2
2.7926 -4.1496
2
2.5337 -4.3125
16
0
351 353 352 348 284 283 
1.00
15
0
12 18 17 1 0 
1.00
15
0
1398 1400 1399 1353 1351 
1.00
16
0
359 360 366 365 298 297 
1.00
16
0
667 669 668 595 593 594 
1.00
16
0
113 130 170 169 116 112 
1.00
15
0
1178 1237 1236 1235 1177 
1.00
16
0
1507 1510 1509 1478 1475 1476 
1.00
16
0
766 836 838 767 765 764 
1.00
16
0
800 821 820 818 748 749 
1.00
16
0
621 620 619 542 543 544 
1.00
16
0
812 813 815 743 742 740 
1.00
16
0
1470 1473 1472 1438 1437 1436 
1.00
15
0
1445 1446 1406 1405 1444 
1.00
16
0
158 168 167 165 111 110 
1.00
17
0
803 867 873 874 871 801 802 
1.00
16
0
386 458 457 400 384 385 
1.00
17
0
265 328 329 326 262 261 260 
1.00
15
0
1115 1178 1177 1176 1114 
1.00
15
0
261 262 258 199 198 
1.00
16
0
952 1022 1021 958 951 950 
1.00
16
0
1382 1426 1425 1424 1381 1380 
1.00
16
0
1039 1042 1106 1105 1104 1038 
1.00
16
0
143 149 148 127 91 92 
1.00
16
0
43 63 68 66 29 30 
1.00
15
0
431 432 433 366 360 
1.00
16
0
1401 1403 1357 1356 1354 1355 
1.00
15
0
838 839 840 776 767 
1.00
15
0
172 173 174 122 117 
1.00
17
0
505 508 507 432 431 429 430 
1.00
16
0
532 609 608 607 604 531 
1.00
15
0
142 205 204 152 141 
1.00
16
0
1270 1310 1311 1294 1257 1258 
1.00
16
0
1107 1111 1171 1170 1110 1108 
1.00
16
0
963 964 965 957 894 893 
1.00
16
0
1143 1203 1205 1206 1144 1142 
1.00
15
0
455 454 453 452 383 
1.00
15
0
456 530 529 454 455 
1.00
16
0
1221 1275 1276 1219 1217 1218 
1.00
16
0
245 247 248 234 185 184 
1.00
17
0
1559 1561 1562 1540 1539 1537 1538 
1.00
17
0
781 782 711 708 710 709 777 
1.00
17
0
1191 1195 1196 1135 1134 1133 1132 
1.00
16
0
1098 1099 1100 1034 1033 1032 
1.00
16
0
833 905 904 902 831 832 
1.00
16
0
829 900 899 897 828 827 
1.00
16
0
737 807 805 735 736 734 
1.00
16
0
1522 1542 1543 1533 1514 1515 
1.00
16
0
672 677 676 664 600 601 
1.00
15
0
106 107 97 59 105 
1.00
17
0
689 702 703 698 628 627 626 
1.00
15
0
639 640 641 563 562 
1.00
16
0
547 546 545 471 470 475 
1.00
16
0
806 816 817 804 763 745 
1.00
16
0
62 109 108 103 60 61 
1.00
16
0
1075 1138 1140 1141 1076 1074 
1.00
16
0
534 548 549 474 472 473 
1.00
16
0
1096 1153 1154 1151 1089 1088 
1.00
16
0
439 442 441 375 372 371 
1.00
16
0
1343 1345 1346 1297 1295 1296 
1.00
17
0
524 527 603 602 564 525 526 
1.00
16
0
269 273 274 271 206 207 
1.00
16
0
1330 1362 1378 1376 1328 1329 
1.00
16
0
750 811 812 740 738 739 
1.00
15
0
1165 1222 1221 1218 1160 
1.00
16
0
872 889 892 890 820 821 
1.00
16
0
67 115 114 74 65 64 
1.00
15
0
55 56 58 22 21 
1.00
16
0
1066 1067 1068 1001 1000 999 
1.00
16
0
432 507 510 509 436 433 
1.00
16
0
927 926 925 856 855 922 
1.00
16
0
399 398 397 329 328 333 
1.00
16
0
378 437 438 370 368 367 
1.00
16
0
602 642 643 567 565 564 
1.00
16
0
1152 1212 1211 1199 1150 1149 
1.00
6
0
1532 1556 1555 1531 
1.00
16
0
646 655 656 580 579 578 
1.00
16
0
1118 1121 1120 1055 1053 1052 
1.00
15
0
1047 1115 1114 1113 1046 
1.00
16
0
515 516 517 443 441 442 
1.00
16
0
1217 1219 1220 1215 1159 1158 
1.00
16
0
1458 1483 1482 1471 1447 1448 
1.00
15
0
154 214 213 210 150 
1.00
16
0
1283 1287 1334 1333 1331 1284 
1.00
16
0
986 989 987 921 920 983 
1.00
16
0
465 466 395 393 392 396 
1.00
15
0
390 391 334 321 325 
1.00
15
0
42 44 43 30 15 
1.00
16
0
1259 1282 1312 1313 1261 1260 
1.00
16
0
959 1019 1020 1017 948 949 
1.00
16
0
193 253 252 250 191 192 
1.00
16
0
1365 1411 1413 1415 1369 1366 
1.00
16
0
335 338 339 273 269 270 
1.00
16
0
961 1012 1031 1030 962 960 
1.00
17
0
336 380 408 409 338 335 337 
1.00
16
0
1137 1180 1179 1119 1117 1116 
1.00
17
0
252 316 315 263 251 249 250 
1.00
16
0
418 445 446 379 377 376 
1.00
16
0
1004 1037 1072 1073 1006 1005 
1.00
16
0
159 224 222 168 158 157 
1.00
17
0
1176 1177 1235 1234 1230 1174 1175 
1.00
15
0
943 961 960 892 889 
1.00
16
0
614 690 689 626 613 612 
1.00
16
0
678 680 752 753 719 679 
1.00
16
0
645 649 648 647 571 570 
1.00
16
0
272 281 282 217 215 216 
1.00
16
0
70 78 77 75 40 41 
1.00
17
0
543 542 540 467 466 465 468 
1.00
16
0
1482 1503 1504 1473 1470 1471 
1.00
16
0
1324 1372 1373 1360 1323 1322 
1.00
15
0
324 325 321 257 323 
1.00
16
0
1298 1300 1299 1247 1245 1244 
1.00
16
0
968 1036 1037 1004 966 967 
1.00
16
0
600 664 665 591 590 589 
1.00
15
0
1024 1023 1022 952 954 
1.00
17
0
40 75 76 53 50 39 38 
1.00
16
0
540 541 479 463 464 467 
1.00
16
0
583 617 616 615 538 539 
1.00
16
0
233 236 235 173 172 171 
1.00
16
0
264 266 265 260 201 202 
1.00
17
0
1079 1142 1144 1145 1082 1077 1078 
1.00
16
0
294 355 354 319 286 285 
1.00
15
0
1000 1001 1002 933 932 
1.00
16
0
1392 1393 1394 1348 1346 1345 
1.00
16
0
581 654 653 651 576 577 
1.00
16
0
1319 1370 1368 1367 1320 1318 
1.00
15
0
1596 1590 1589 1588 1592 
1.00
16
0
1466 1499 1498 1496 1463 1464 
1.00
16
0
1299 1302 1301 1248 1246 1247 
1.00
16
0
1252 1250 1195 1191 1192 1194 
1.00
15
0
110 111 109 62 99 
1.00
16
0
1425 1461 1462 1449 1423 1424 
1.00
16
0
352 421 420 417 349 348 
1.00
16
0
27 64 65 37 25 26 
1.00
16
0
1007 1011 1010 1009 940 941 
1.00
17
0
1582 1591 1593 1592 1588 1580 1581 
1.00
6
0
1597 1596 1592 1593 
1.00
16
0
511 582 583 539 503 504 
1.00
16
0
801 871 872 821 800 799 
1.00
16
0
778 777 709 705 704 706 
1.00
16
0
588 658 659 617 583 582 
1.00
16
0
854 858 857 787 786 785 
1.00
16
0
783 785 786 714 712 713 
1.00
16
0
123 160 159 157 101 102 
1.00
15
0
736 735 733 663 662 
1.00
16
0
118 125 126 124 77 78 
1.00
16
0
1155 1158 1159 1153 1096 1095 
1.00
15
0
1589 1590 1579 1578 1577 
1.00
15
0
1595 1597 1593 1591 1594 
1.00
16
0
208 211 212 182 148 149 
1.00
17
0
1474 1476 1475 1440 1439 1438 1472 
1.00
16
0
592 594 593 518 517 516 
1.00
16
0
1117 1119 1118 1052 1050 1051 
1.00
16
0
769 768 707 694 695 696 
1.00
16
0
726 749 748 746 675 674 
1.00
16
0
1200 1239 1238 1181 1179 1180 
1.00
16
0
1059 1064 1063 1061 995 996 
1.00
16
0
565 567 566 492 488 487 
1.00
15
0
834 835 906 905 833 
1.00
16
0
1104 1105 1166 1167 1139 1103 
1.00
16
0
368 370 369 304 302 301 
1.00
16
0
1453 1485 1488 1489 1455 1452 
1.00
16
0
128 129 130 113 82 81 
1.00
16
0
923 922 855 852 853 919 
1.00
16
0
643 644 645 570 566 567 
1.00
17
0
953 954 952 950 880 881 882 
1.00
15
0
1068 1069 1003 1002 1001 
1.00
16
0
590 591 592 516 515 514 
1.00
16
0
755 824 825 791 753 752 
1.00
16
0
1110 1170 1173 1172 1169 1109 
1.00
16
0
176 180 181 178 126 125 
1.00
16
0
649 720 724 725 723 648 
1.00
16
0
1518 1544 1546 1523 1519 1520 
1.00
16
0
111 165 166 162 108 109 
1.00
16
0
331 330 266 264 263 315 
1.00
16
0
497 573 572 496 493 494 
1.00
16
0
1183 1184 1185 1124 1122 1123 
1.00
15
0
322 323 257 256 259 
1.00
16
0
1430 1465 1466 1464 1427 1428 
1.00
15
0
13 38 39 18 12 
1.00
16
0
420 494 493 419 416 417 
1.00
16
0
731 802 801 799 729 728 
1.00
16
0
1280 1321 1330 1329 1278 1279 
1.00
16
0
631 632 629 555 554 618 
1.00
16
0
1010 1078 1077 1014 1008 1009 
1.00
16
0
887 949 948 946 877 876 
1.00
15
0
1135 1136 1071 1070 1134 
1.00
16
0
568 578 579 501 499 500 
1.00
16
0
1439 1440 1441 1400 1398 1397 
1.00
15
0
190 188 140 138 132 
1.00
16
0
955 956 953 882 883 884 
1.00
16
0
1092 1156 1155 1095 1090 1091 
1.00
16
0
1295 1297 1298 1244 1243 1242 
1.00
15
0
687 686 685 610 611 
1.00
16
0
1576 1577 1578 1561 1559 1560 
1.00
16
0
393 395 394 390 325 324 
1.00
15
0
372 375 374 309 308 
1.00
16
0
823 885 886 813 812 811 
1.00
16
0
320 387 386 385 317 318 
1.00
17
0
1086 1149 1150 1137 1116 1084 1085 
1.00
17
0
1050 1052 1053 986 983 984 985 
1.00
16
0
1547 1564 1565 1557 1543 1542 
1.00
16
0
665 666 667 594 592 591 
1.00
16
0
1228 1233 1283 1284 1281 1229 
1.00
16
0
733 732 688 659 658 663 
1.00
16
0
853 852 784 782 781 849 
1.00
17
0
970 973 1039 1038 1036 968 969 
1.00
15
0
1276 1277 1274 1220 1219 
1.00
16
0
763 804 837 836 766 762 
1.00
16
0
928 930 931 861 860 859 
1.00
16
0
1363 1379 1412 1411 1365 1364 
1.00
15
0
1390 1433 1432 1431 1389 
1.00
16
0
408 451 486 485 411 409 
1.00
16
0
1131 1192 1191 1132 1129 1128 
1.00
16
0
668 670 671 661 596 595 
1.00
15
0
135 186 187 133 131 
1.00
15
0
1237 1292 1291 1290 1236 
1.00
16
0
1127 1126 1064 1059 1060 1125 
1.00
15
0
15 30 29 28 5 
1.00
16
0
1036 1038 1104 1103 1072 1037 
1.00
16
0
295 361 363 293 291 292 
1.00
16
0
240 244 243 241 181 180 
1.00
16
0
850 851 848 779 780 841 
1.00
16
0
679 719 718 644 643 642 
1.00
16
0
25 37 36 35 11 10 
1.00
16
0
773 775 771 700 701 699 
1.00
16
0
1008 1014 1015 1013 944 945 
1.00
15
0
788 789 790 717 716 
1.00
17
0
948 1017 1018 1016 979 947 946 
1.00
16
0
179 221 223 224 159 160 
1.00
16
0
1454 1487 1486 1459 1450 1451 
1.00
16
0
1223 1279 1278 1275 1221 1222 
1.00
16
0
1572 1586 1585 1583 1570 1571 
1.00
16
0
1263 1314 1316 1317 1265 1264 
1.00
16
0
401 403 402 399 333 332 
1.00
16
0
499 501 502 498 425 424 
1.00
16
0
306 356 357 358 288 287 
1.00
16
0
1169 1172 1228 1229 1226 1168 
1.00
16
0
1272 1271 1269 1214 1213 1216 
1.00
16
0
1352 1355 1354 1305 1303 1304 
1.00
6
0
1070 1071 1003 1069 
1.00
16
0
947 979 980 912 909 910 
1.00
17
0
875 910 909 839 838 836 837 
1.00
15
0
1462 1484 1485 1453 1449 
1.00
16
0
857 859 860 789 788 787 
1.00
15
0
140 196 197 139 138 
1.00
16
0
470 471 469 398 399 402 
1.00
17
0
660 662 663 658 588 587 586 
1.00
16
0
657 728 729 727 653 654 
1.00
16
0
809 810 808 807 737 744 
1.00
16
0
1421 1457 1458 1448 1419 1418 
1.00
16
0
107 155 156 136 96 97 
1.00
15
0
482 483 480 407 477 
1.00
16
0
39 50 52 16 17 18 
1.00
16
0
831 902 901 900 829 830 
1.00
16
0
340 350 351 283 282 281 
1.00
16
0
448 512 513 440 438 437 
1.00
15
0
9 32 33 7 8 
1.00
16
0
765 767 776 772 703 702 
1.00
15
0
450 526 525 486 451 
1.00
15
0
302 304 305 239 238 
1.00
16
0
114 117 122 121 73 74 
1.00
17
0
855 856 854 785 783 784 852 
1.00
16
0
1232 1285 1288 1287 1283 1233 
1.00
15
0
197 198 199 195 139 
1.00
16
0
1500 1501 1530 1528 1498 1499 
1.00
15
0
1053 1055 1056 989 986 
1.00
15
0
1255 1256 1198 1197 1254 
1.00
16
0
554 555 552 478 479 541 
1.00
16
0
226 227 228 219 164 163 
1.00
16
0
438 440 439 371 369 370 
1.00
16
0
1277 1326 1327 1325 1273 1274 
1.00
15
0
828 897 898 896 826 
1.00
16
0
1369 1415 1414 1417 1368 1370 
1.00
16
0
460 535 534 473 457 458 
1.00
16
0
1467 1468 1500 1499 1466 1465 
1.00
16
0
506 519 584 585 508 505 
1.00
15
0
90 95 145 147 88 
1.00
16
0
436 509 511 504 434 435 
1.00
15
0
24 54 55 21 20 
1.00
15
0
528 606 605 603 527 
1.00
16
0
1204 1260 1261 1262 1205 1203 
1.00
16
0
167 230 229 225 166 165 
1.00
16
0
362 426 427 389 354 355 
1.00
16
0
1185 1187 1186 1127 1125 1124 
1.00
16
0
1551 1553 1571 1570 1567 1550 
1.00
16
0
926 993 994 929 924 925 
1.00
16
0
579 580 581 577 502 501 
1.00
15
0
1082 1145 1148 1147 1083 
1.00
15
0
1357 1358 1309 1308 1356 
1.00
16
0
695 694 631 618 619 620 
1.00
16
0
886 884 883 814 815 813 
1.00
16
0
303 308 309 307 243 244 
1.00
16
0
771 770 769 696 697 700 
1.00
15
0
1340 1341 1388 1387 1339 
1.00
17
0
116 169 171 172 117 114 115 
1.00
16
0
517 518 519 506 444 443 
1.00
15
0
1584 1582 1581 1569 1568 
1.00
16
0
50 53 100 98 51 52 
1.00
16
0
1129 1132 1133 1067 1066 1065 
1.00
6
0
93 94 95 90 
1.00
16
0
1396 1397 1398 1351 1349 1350 
1.00
16
0
1498 1528 1529 1526 1497 1496 
1.00
16
0
286 319 320 318 254 255 
1.00
16
0
1516 1525 1545 1544 1518 1517 
1.00
16
0
1361 1391 1392 1345 1343 1344 
1.00
17
0
210 213 276 275 211 208 209 
1.00
15
0
203 207 206 205 142 
1.00
16
0
686 759 758 757 684 685 
1.00
16
0
1250 1253 1254 1197 1196 1195 
1.00
15
0
88 147 146 144 89 
1.00
16
0
1431 1432 1467 1465 1430 1429 
1.00
16
0
613 626 627 551 549 548 
1.00
16
0
1274 1273 1272 1216 1215 1220 
1.00
16
0
479 478 476 406 405 463 
1.00
15
0
383 452 449 381 382 
1.00
16
0
1394 1395 1396 1350 1347 1348 
1.00
15
0
48 84 85 46 45 
1.00
16
0
698 699 701 623 625 628 
1.00
16
0
648 723 722 655 646 647 
1.00
16
0
1427 1464 1463 1461 1425 1426 
1.00
16
0
625 623 624 546 547 550 
1.00
15
0
715 716 717 641 640 
1.00
16
0
1286 1289 1336 1337 1288 1285 
1.00
16
0
1029 1088 1089 1087 1020 1019 
1.00
15
0
1587 1595 1594 1585 1586 
1.00
16
0
1043 1108 1110 1109 1106 1042 
1.00
16
0
1100 1101 1102 1094 1035 1034 
1.00
16
0
924 929 928 859 857 858 
1.00
16
0
339 342 343 341 274 273 
1.00
15
0
258 259 256 195 199 
1.00
6
0
1405 1406 1359 1404 
1.00
16
0
1514 1533 1534 1505 1504 1503 
1.00
16
0
598 601 600 589 522 523 
1.00
16
0
489 500 499 424 422 423 
1.00
16
0
1347 1350 1349 1302 1299 1300 
1.00
16
0
842 841 780 768 769 770 
1.00
15
0
33 31 14 6 7 
1.00
16
0
416 419 418 376 346 347 
1.00
16
0
966 1004 1005 936 934 935 
1.00
16
0
1558 1560 1559 1538 1535 1536 
1.00
16
0
1243 1244 1245 1188 1186 1187 
1.00
15
0
1433 1469 1468 1467 1432 
1.00
16
0
220 255 254 253 193 194 
1.00
16
0
495 521 520 447 446 445 
1.00
15
0
1546 1548 1549 1524 1523 
1.00
17
0
1120 1123 1122 1057 1054 1056 1055 
1.00
16
0
1290 1291 1340 1339 1336 1289 
1.00
16
0
232 296 295 292 229 230 
1.00
16
0
1030 1032 1033 964 963 962 
1.00
16
0
650 652 599 597 575 574 
1.00
16
0
1016 1049 1048 981 980 979 
1.00
16
0
637 638 639 562 561 633 
1.00
17
0
1303 1305 1306 1253 1250 1252 1251 
1.00
16
0
1585 1594 1591 1582 1584 1583 
1.00
15
0
796 803 802 731 730 
1.00
15
0
1574 1587 1586 1572 1573 
1.00
16
0
91 127 128 81 79 80 
1.00
16
0
148 182 183 129 128 127 
1.00
16
0
137 192 191 186 135 134 
1.00
16
0
205 206 271 272 216 204 
1.00
16
0
1535 1538 1537 1510 1507 1508 
1.00
16
0
1492 1515 1514 1503 1482 1483 
1.00
6
0
557 484 481 558 
1.00
16
0
59 97 96 84 48 57 
1.00
16
0
1327 1375 1374 1372 1324 1325 
1.00
16
0
560 559 556 483 482 553 
1.00
16
0
1385 1428 1427 1426 1382 1383 
1.00
16
0
575 597 598 523 520 521 
1.00
15
0
1197 1198 1136 1135 1196 
1.00
16
0
1072 1103 1139 1138 1075 1073 
1.00
16
0
938 945 944 942 874 873 
1.00
16
0
513 514 515 442 439 440 
1.00
16
0
1189 1193 1194 1192 1131 1130 
1.00
16
0
275 278 277 246 212 211 
1.00
16
0
175 237 240 180 176 177 
1.00
16
0
1441 1443 1442 1402 1399 1400 
1.00
16
0
1163 1162 1164 1101 1100 1099 
1.00
15
0
263 264 202 200 251 
1.00
16
0
616 692 691 690 614 615 
1.00
16
0
1519 1523 1524 1521 1493 1494 
1.00
16
0
1208 1264 1265 1266 1209 1207 
1.00
16
0
940 1009 1008 945 938 939 
1.00
17
0
1188 1190 1189 1130 1126 1127 1186 
1.00
16
0
824 826 896 895 864 825 
1.00
16
0
1368 1417 1416 1409 1371 1367 
1.00
15
0
382 381 380 336 314 
1.00
16
0
1089 1151 1152 1149 1086 1087 
1.00
16
0
878 888 887 876 817 816 
1.00
16
0
343 412 413 350 340 341 
1.00
16
0
1504 1505 1506 1474 1472 1473 
1.00
16
0
1435 1436 1437 1395 1394 1393 
1.00
15
0
87 92 91 80 47 
1.00
16
0
346 376 377 312 311 310 
1.00
16
0
904 971 972 903 901 902 
1.00
16
0
995 1061 1062 998 994 993 
1.00
16
0
1486 1494 1493 1491 1460 1459 
1.00
16
0
984 983 920 913 914 915 
1.00
16
0
200 202 201 196 140 188 
1.00
16
0
164 219 220 194 156 155 
1.00
16
0
729 799 800 749 726 727 
1.00
16
0
1154 1213 1214 1212 1152 1151 
1.00
16
0
530 531 604 606 528 529 
1.00
15
0
1308 1309 1256 1255 1307 
1.00
16
0
525 564 565 487 485 486 
1.00
16
0
166 225 226 163 161 162 
1.00
16
0
73 121 119 120 71 72 
1.00
16
0
1447 1471 1470 1436 1435 1434 
1.00
16
0
1316 1366 1369 1370 1319 1317 
1.00
16
0
891 893 894 885 823 822 
1.00
16
0
299 301 302 238 235 236 
1.00
16
0
1565 1575 1576 1560 1558 1557 
1.00
15
0
1480 1481 1446 1445 1479 
1.00
16
0
738 740 742 669 667 666 
1.00
15
0
1403 1404 1359 1358 1357 
1.00
16
0
156 194 193 192 137 136 
1.00
16
0
248 300 299 236 233 234 
1.00
16
0
817 876 877 875 837 804 
1.00
16
0
344 347 346 310 277 278 
1.00
16
0
1020 1087 1086 1085 1018 1017 
1.00
16
0
585 586 587 510 507 508 
1.00
15
0
187 189 190 132 133 
1.00
16
0
327 392 393 324 323 322 
1.00
6
0
835 908 907 906 
1.00
17
0
1278 1329 1328 1326 1277 1276 1275 
1.00
16
0
610 685 684 682 608 609 
1.00
16
0
883 882 881 810 809 814 
1.00
16
0
918 919 853 849 848 851 
1.00
17
0
1442 1444 1405 1404 1403 1401 1402 
1.00
16
0
366 433 436 435 364 365 
1.00
17
0
173 235 238 239 237 175 174 
1.00
16
0
472 474 475 470 402 403 
1.00
16
0
1354 1356 1308 1307 1306 1305 
1.00
16
0
1388 1389 1431 1429 1386 1387 
1.00
16
0
977 1045 1044 1040 975 976 
1.00
16
0
98 99 62 61 49 51 
1.00
17
0
892 960 962 963 893 891 890 
1.00
16
0
119 177 176 125 118 120 
1.00
16
0
469 468 465 396 397 398 
1.00
16
0
1139 1167 1201 1202 1140 1138 
1.00
15
0
908 978 977 976 907 
1.00
16
0
520 523 522 512 448 447 
1.00
15
0
47 80 79 44 42 
1.00
16
0
1021 1028 1029 1019 959 958 
1.00
15
0
267 270 269 207 203 
1.00
16
0
865 934 936 937 869 866 
1.00
17
0
1423 1449 1453 1452 1413 1411 1412 
1.00
15
0
784 783 713 711 782 
1.00
16
0
152 204 216 215 153 151 
1.00
17
0
634 633 561 557 558 556 559 
1.00
16
0
1346 1348 1347 1300 1298 1297 
1.00
15
0
1578 1579 1563 1562 1561 
1.00
17
0
604 607 681 680 678 605 606 
1.00
16
0
1265 1317 1319 1318 1267 1266 
1.00
15
0
82 113 112 68 63 
1.00
16
0
1023 1091 1090 1028 1021 1022 
1.00
16
0
951 958 959 949 887 888 
1.00
16
0
29 66 67 64 27 28 
1.00
16
0
510 587 588 582 511 509 
1.00
16
0
1312 1332 1363 1364 1315 1313 
1.00
16
0
1048 1051 1050 985 982 981 
1.00
16
0
49 61 60 54 24 23 
1.00
17
0
94 151 153 154 150 145 95 
1.00
16
0
239 305 303 244 240 237 
1.00
16
0
77 124 123 102 76 75 
1.00
15
0
1342 1390 1389 1388 1341 
1.00
16
0
874 942 943 889 872 871 
1.00
16
0
1102 1157 1156 1092 1093 1094 
1.00
16
0
1534 1536 1535 1508 1506 1505 
1.00
16
0
718 721 720 649 645 644 
1.00
16
0
485 487 488 414 410 411 
1.00
15
0
466 467 464 394 395 
1.00
16
0
332 333 328 265 266 330 
1.00
6
0
314 336 337 268 
1.00
15
0
1249 1251 1252 1194 1193 
1.00
17
0
96 136 137 134 86 85 84 
1.00
16
0
503 539 538 537 462 461 
1.00
16
0
462 537 536 535 460 459 
1.00
15
0
1060 1059 996 992 1058 
1.00
16
0
243 307 306 287 242 241 
1.00
16
0
338 409 411 410 342 339 
1.00
16
0
397 396 392 327 326 329 
1.00
16
0
868 870 939 938 873 867 
1.00
16
0
629 630 560 553 552 555 
1.00
15
0
17 16 19 2 1 
1.00
16
0
1057 1058 992 990 991 1054 
1.00
16
0
571 647 646 578 568 569 
1.00
15
0
761 760 759 686 687 
1.00
17
0
1349 1351 1353 1352 1304 1301 1302 
1.00
16
0
1374 1418 1419 1407 1373 1372 
1.00
16
0
1408 1434 1435 1393 1392 1391 
1.00
16
0
1077 1082 1083 1080 1015 1014 
1.00
16
0
242 287 288 289 223 221 
1.00
15
0
931 932 933 862 861 
1.00
16
0
819 822 823 811 750 751 
1.00
16
0
357 429 431 360 359 358 
1.00
16
0
522 589 590 514 513 512 
1.00
16
0
869 937 941 940 939 870 
1.00
16
0
1399 1402 1401 1355 1352 1353 
1.00
16
0
572 574 575 521 495 496 
1.00
16
0
71 120 118 78 70 69 
1.00
16
0
1166 1168 1226 1227 1201 1167 
1.00
16
0
840 845 847 774 772 776 
1.00
15
0
1512 1513 1481 1480 1511 
1.00
15
0
533 532 531 530 456 
1.00
16
0
894 957 955 884 886 885 
1.00
17
0
1238 1240 1241 1184 1183 1182 1181 
1.00
16
0
1460 1491 1492 1483 1458 1457 
1.00
16
0
425 498 497 494 420 421 
1.00
16
0
980 981 982 917 911 912 
1.00
17
0
1157 1160 1218 1217 1158 1155 1156 
1.00
16
0
659 688 693 692 616 617 
1.00
16
0
994 998 997 930 928 929 
1.00
16
0
1015 1080 1081 1031 1012 1013 
1.00
15
0
1114 1176 1175 1112 1113 
1.00
16
0
1161 1210 1224 1225 1162 1163 
1.00
16
0
899 969 968 967 898 897 
1.00
16
0
298 365 364 361 295 296 
1.00
16
0
723 725 795 796 730 722 
1.00
16
0
1235 1236 1290 1289 1286 1234 
1.00
16
0
1373 1407 1408 1391 1361 1360 
1.00
16
0
373 428 430 429 357 356 
1.00
15
0
761 834 833 832 760 
1.00
16
0
1320 1367 1371 1362 1330 1321 
1.00
16
0
1011 1074 1076 1079 1078 1010 
1.00
16
0
758 830 829 827 756 757 
1.00
16
0
170 185 234 233 171 169 
1.00
16
0
1386 1429 1430 1428 1385 1384 
1.00
17
0
108 162 161 106 105 104 103 
1.00
16
0
1569 1581 1580 1575 1565 1564 
1.00
15
0
611 610 609 532 533 
1.00
15
0
709 710 635 636 705 
1.00
17
0
1545 1550 1567 1566 1548 1546 1544 
1.00
16
0
413 423 422 353 351 350 
1.00
16
0
636 635 634 559 560 630 
1.00
16
0
538 615 614 612 536 537 
1.00
16
0
427 461 462 459 388 389 
1.00
16
0
566 570 571 569 491 492 
1.00
15
0
1182 1183 1123 1120 1121 
1.00
16
0
1543 1557 1558 1536 1534 1533 
1.00
16
0
290 297 298 296 232 231 
1.00
16
0
145 150 210 209 146 147 
1.00
16
0
388 459 460 458 386 387 
1.00
16
0
79 81 82 63 43 44 
1.00
16
0
1257 1294 1293 1240 1238 1239 
1.00
16
0
1267 1318 1320 1321 1280 1268 
1.00
16
0
313 367 368 301 299 300 
1.00
16
0
545 544 543 468 469 471 
1.00
15
0
89 144 143 92 87 
1.00
16
0
284 348 349 345 279 280 
1.00
16
0
624 622 621 544 545 546 
1.00
15
0
1199 1200 1180 1137 1150 
1.00
16
0
262 326 327 322 259 258 
1.00
15
0
1338 1384 1385 1383 1335 
1.00
16
0
60 103 104 56 55 54 
1.00
16
0
1497 1526 1527 1525 1516 1495 
1.00
17
0
992 996 995 993 926 927 990 
1.00
16
0
1273 1325 1324 1322 1271 1272 
1.00
16
0
1334 1335 1383 1382 1380 1333 
1.00
17
0
304 369 371 372 308 303 305 
1.00
16
0
911 917 916 846 847 845 
1.00
16
0
309 374 373 356 306 307 
1.00
16
0
880 950 951 888 878 879 
1.00
15
0
476 477 407 404 406 
1.00
16
0
991 990 927 922 923 988 
1.00
16
0
1124 1125 1060 1058 1057 1122 
1.00
15
0
268 337 335 270 267 
1.00
16
0
864 895 935 934 865 863 
1.00
16
0
1140 1202 1204 1203 1143 1141 
1.00
17
0
1045 1046 1113 1112 1111 1107 1044 
1.00
16
0
504 503 461 427 426 434 
1.00
16
0
31 41 40 38 13 14 
1.00
16
0
1006 1073 1075 1074 1011 1007 
1.00
16
0
552 553 482 477 476 478 
1.00
16
0
599 673 672 601 598 597 
1.00
16
0
415 490 489 423 413 412 
1.00
16
0
291 293 294 285 228 227 
1.00
15
0
1112 1175 1174 1171 1111 
1.00
16
0
701 700 697 622 624 623 
1.00
16
0
1455 1489 1490 1487 1454 1456 
1.00
16
0
1081 1097 1098 1032 1030 1031 
1.00
16
0
1205 1262 1263 1264 1208 1206 
1.00
16
0
377 379 378 367 313 312 
1.00
15
0
444 506 505 430 428 
1.00
16
0
191 250 249 189 187 186 
1.00
16
0
710 708 637 633 634 635 
1.00
16
0
815 814 809 744 741 743 
1.00
16
0
1083 1147 1146 1097 1081 1080 
1.00
16
0
916 915 914 844 843 846 
1.00
17
0
1148 1207 1209 1210 1161 1146 1147 
1.00
16
0
1246 1248 1249 1193 1189 1190 
1.00
16
0
1146 1161 1163 1099 1098 1097 
1.00
16
0
1093 1092 1091 1023 1024 1025 
1.00
16
0
1027 1025 1024 954 953 956 
1.00
15
0
10 11 9 8 3 
1.00
16
0
454 529 528 527 524 453 
1.00
15
0
925 924 858 854 856 
1.00
15
0
656 657 654 581 580 
1.00
16
0
1509 1511 1480 1479 1477 1478 
1.00
16
0
982 985 984 915 916 917 
1.00
16
0
491 569 568 500 489 490 
1.00
16
0
1174 1230 1231 1173 1170 1171 
1.00
15
0
860 861 862 790 789 
1.00
15
0
1085 1084 1049 1016 1018 
1.00
15
0
556 558 481 480 483 
1.00
16
0
1261 1313 1315 1314 1263 1262 
1.00
15
0
141 152 151 94 93 
1.00
16
0
1159 1215 1216 1213 1154 1153 
1.00
16
0
65 74 73 72 36 37 
1.00
16
0
671 734 736 662 660 661 
1.00
16
0
1419 1448 1447 1434 1408 1407 
1.00
16
0
1376 1377 1375 1327 1326 1328 
1.00
16
0
1414 1456 1454 1451 1416 1417 
1.00
16
0
104 105 59 57 58 56 
1.00
16
0
898 967 966 935 895 896 
1.00
16
0
1226 1229 1281 1282 1259 1227 
1.00
16
0
536 612 613 548 534 535 
1.00
16
0
146 209 208 149 143 144 
1.00
16
0
1301 1304 1303 1251 1249 1248 
1.00
15
0
11 35 34 32 9 
1.00
16
0
987 988 923 919 918 921 
1.00
16
0
684 757 756 754 683 682 
1.00
16
0
452 453 524 526 450 449 
1.00
16
0
181 241 242 221 179 178 
1.00
15
0
86 134 135 131 83 
1.00
16
0
254 318 317 316 252 253 
1.00
16
0
1554 1573 1572 1571 1553 1552 
1.00
16
0
1422 1421 1418 1374 1375 1377 
1.00
16
0
1201 1227 1259 1260 1204 1202 
1.00
15
0
608 682 683 681 607 
1.00
16
0
576 651 650 574 572 573 
1.00
15
0
627 628 625 550 551 
1.00
15
0
405 406 404 334 391 
1.00
16
0
619 618 554 541 540 542 
1.00
16
0
704 705 636 630 629 632 
1.00
16
0
1570 1583 1584 1568 1566 1567 
1.00
16
0
605 678 679 642 602 603 
1.00
16
0
593 595 596 584 519 518 
1.00
16
0
1162 1225 1223 1222 1165 1164 
1.00
16
0
228 285 286 255 220 219 
1.00
16
0
1475 1478 1477 1443 1441 1440 
1.00
15
0
1527 1551 1550 1545 1525 
1.00
16
0
780 779 778 706 707 768 
1.00
16
0
1315 1364 1365 1366 1316 1314 
1.00
16
0
1101 1164 1165 1160 1157 1102 
1.00
16
0
1281 1284 1331 1332 1312 1282 
1.00
17
0
1450 1459 1460 1457 1421 1422 1420 
1.00
15
0
5 28 27 26 4 
1.00
15
0
877 946 947 910 875 
1.00
16
0
936 1005 1006 1007 941 937 
1.00
16
0
1477 1479 1445 1444 1442 1443 
1.00
16
0
488 492 491 490 415 414 
1.00
16
0
422 424 425 421 352 353 
1.00
16
0
279 345 344 278 275 276 
1.00
16
0
212 246 245 184 183 182 
1.00
16
0
742 743 741 670 668 669 
1.00
15
0
1556 1574 1573 1554 1555 
1.00
15
0
1245 1247 1246 1190 1188 
1.00
16
0
1241 1242 1243 1187 1185 1184 
1.00
17
0
1336 1339 1387 1386 1384 1338 1337 
1.00
16
0
201 260 261 198 197 196 
1.00
16
0
1062 1065 1066 999 997 998 
1.00
16
0
1224 1268 1280 1279 1223 1225 
1.00
16
0
797 866 869 870 868 798 
1.00
16
0
1580 1588 1589 1577 1576 1575 
1.00
17
0
906 907 976 975 971 904 905 
1.00
16
0
721 792 794 793 724 720 
1.00
16
0
1144 1206 1208 1207 1148 1145 
1.00
16
0
457 473 472 403 401 400 
1.00
16
0
1090 1095 1096 1088 1029 1028 
1.00
16
0
410 414 415 412 343 342 
1.00
16
0
36 72 71 69 34 35 
1.00
16
0
847 846 843 775 773 774 
1.00
16
0
223 289 290 231 222 224 
1.00
16
0
848 849 781 777 778 779 
1.00
15
0
19 23 24 20 2 
1.00
16
0
805 806 745 732 733 735 
1.00
16
0
697 696 695 620 621 622 
1.00
15
0
652 674 675 673 599 
1.00
16
0
229 292 291 227 226 225 
1.00
16
0
760 832 831 830 758 759 
1.00
15
0
1292 1342 1341 1340 1291 
1.00
15
0
1381 1424 1423 1412 1379 
1.00
16
0
502 577 576 573 497 498 
1.00
16
0
274 341 340 281 272 271 
1.00
16
0
381 449 450 451 408 380 
1.00
16
0
1437 1438 1439 1397 1396 1395 
1.00
16
0
68 112 116 115 67 66 
1.00
16
0
712 714 715 640 639 638 
1.00
16
0
1214 1269 1270 1258 1211 1212 
1.00
16
0
1490 1520 1519 1494 1486 1487 
1.00
16
0
222 231 232 230 167 168 
1.00
16
0
1035 1094 1093 1025 1027 1026 
1.00
6
0
85 86 83 46 
1.00
17
0
1530 1531 1555 1554 1552 1529 1528 
1.00
16
0
354 389 388 387 320 319 
1.00
16
0
1323 1360 1361 1344 1311 1310 
1.00
16
0
1033 1034 1035 1026 965 964 
1.00
16
0
249 251 200 188 190 189 
1.00
16
0
549 551 550 547 475 474 
1.00
16
0
676 739 738 666 665 664 
1.00
16
0
748 818 819 751 747 746 
1.00
16
0
975 1040 1041 974 972 971 
1.00
16
0
791 825 864 863 794 792 
1.00
16
0
1416 1451 1450 1420 1410 1409 
1.00
15
0
881 880 879 808 810 
1.00
16
0
1230 1234 1286 1285 1232 1231 
1.00
6
0
1563 1541 1540 1562 
1.00
16
0
122 174 175 177 119 121 
1.00
16
0
691 764 765 702 689 690 
1.00
16
0
1106 1109 1169 1168 1166 1105 
1.00
16
0
1056 1054 991 988 987 989 
1.00
16
0
683 754 755 752 680 681 
1.00
15
0
76 102 101 100 53 
1.00
16
0
464 463 405 391 390 394 
1.00
16
0
732 745 763 762 693 688 
1.00
16
0
1413 1452 1455 1456 1414 1415 
1.00
15
0
1506 1508 1507 1476 1474 
1.00
16
0
1484 1495 1516 1517 1488 1485 
1.00
16
0
965 1026 1027 956 955 957 
1.00
16
0
795 798 868 867 803 796 
1.00
16
0
724 793 797 798 795 725 
1.00
16
0
161 163 164 155 107 106 
1.00
17
0
655 722 730 731 728 657 656 
1.00
16
0
901 903 970 969 899 900 
1.00
17
0
756 827 828 826 824 755 754 
1.00
15
0
1502 1532 1531 1530 1501 
1.00
16
0
707 706 704 632 631 694 
1.00
16
0
920 921 918 851 850 913 
1.00
16
0
1271 1322 1323 1310 1270 1269 
1.00
16
0
1537 1539 1512 1511 1509 1510 
1.00
16
0
843 844 842 770 771 775 
1.00
16
0
719 753 791 792 721 718 
1.00
16
0
215 217 218 214 154 153 
1.00
16
0
1488 1517 1518 1520 1490 1489 
1.00
15
0
4 26 25 10 3 
1.00
16
0
311 312 313 300 248 247 
1.00
16
0
126 178 179 160 123 124 
1.00
16
0
129 183 184 185 170 130 
1.00
15
0
363 362 355 294 293 
1.00
16
0
786 787 788 716 715 714 
1.00
17
0
375 441 443 444 428 373 374 
1.00
16
0
693 762 766 764 691 692 
1.00
15
0
1371 1409 1410 1378 1362 
1.00
16
0
1084 1116 1117 1051 1048 1049 
1.00
17
0
101 157 158 110 99 98 100 
1.00
16
0
1063 1128 1129 1065 1062 1061 
1.00
16
0
1311 1344 1343 1296 1293 1294 
1.00
17
0
34 69 70 41 31 33 32 
1.00
16
0
914 913 850 841 842 844 
1.00
16
0
741 744 737 734 671 670 
1.00
16
0
400 401 332 330 331 384 
1.00
16
0
1211 1258 1257 1239 1200 1199 
1.00
16
0
747 751 750 739 676 677 
1.00
17
0
1548 1566 1568 1569 1564 1547 1549 
1.00
16
0
711 713 712 638 637 708 
1.00
16
0
217 282 283 284 280 218 
1.00
16
0
1126 1130 1131 1128 1063 1064 
1.00
16
0
288 358 359 297 290 289 
1.00
16
0
1173 1231 1232 1233 1228 1172 
1.00
16
0
1133 1134 1070 1069 1068 1067 
1.00
16
0
277 310 311 247 245 246 
1.00
16
0
214 218 280 279 276 213 
1.00
16
0
820 890 891 822 819 818 
1.00
16
0
1209 1266 1267 1268 1224 1210 
1.00
17
0
808 879 878 816 806 805 807 
1.00
16
0
596 661 660 586 585 584 
1.00
16
0
52 51 49 23 19 16 
1.00
17
0
653 727 726 674 652 650 651 
1.00
16
0
1529 1552 1553 1551 1527 1526 
1.00
16
0
997 999 1000 932 931 930 
1.00
16
0
772 774 773 699 698 703 
1.00
16
0
974 1041 1043 1042 1039 973 
1.00
17
0
364 435 434 426 362 363 361 
1.00
15
0
1076 1141 1143 1142 1079 
1.00
15
0
978 1047 1046 1045 977 
1.00
16
0
1288 1337 1338 1335 1334 1287 
1.00
15
0
14 13 12 0 6 
1.00
17
0
1463 1496 1497 1495 1484 1462 1461 
1.00
15
0
1469 1502 1501 1500 1468 
1.00
16
0
446 447 448 437 378 379 
1.00
16
0
675 746 747 677 672 673 
1.00
16
0
1524 1549 1547 1542 1522 1521 
1.00
15
0
1540 1541 1513 1512 1539 
1.00
16
0
1040 1044 1107 1108 1043 1041 
1.00
15
0
1306 1307 1255 1254 1253 
1.00
16
0
349 417 416 347 344 345 
1.00
16
0
1293 1296 1295 1242 1241 1240 
1.00
16
0
1410 1420 1422 1377 1376 1378 
1.00
15
0
562 563 484 557 561 
1.00
16
0
317 385 384 331 315 316 
1.00
16
0
1493 1521 1522 1515 1492 1491 
1.00
16
0
1179 1181 1182 1121 1118 1119 
1.00
16
0
944 1013 1012 961 943 942 
1.00
16
0
794 863 865 866 797 793 
1.00
15
0
58 57 48 45 22 
1.00
16
0
909 912 911 845 840 839 
1.00
15
0
972 974 973 970 903 
1.00
17
0
1331 1333 1380 1381 1379 1363 1332 
1.00
16
0
493 496 495 445 418 419 
1.00
2
45 1 -100.0000
2
1390 1 100.0000
