0
195 100 1 2
1
2.00 0.30
2
0.4419 0.2398
2
0.4811 0.1451
2
0.5002 0.0464
2
0.3782 0.3316
2
0.2997 0.4036
2
0.4335 -0.2553
2
0.4772 -0.1579
2
0.4986 -0.0617
2
0.4311 -0.0480
2
0.3287 0.2857
2
0.3401 0.2214
2
0.3747 0.2054
2
0.4139 0.0342
2
0.3823 0.1318
2
0.4031 0.1201
2
0.2477 0.3347
2
0.2672 0.2983
2
0.2096 0.3421
2
0.1789 0.4012
2
0.2065 0.4590
2
0.3673 -0.3436
2
0.3741 -0.2212
2
0.3127 -0.2903
2
0.3233 -0.2429
2
0.3738 -0.1477
2
0.3904 -0.1325
2
0.3901 -0.0782
2
0.3363 -0.0461
2
0.3517 0.0222
2
0.2351 0.2332
2
0.2856 0.1919
2
0.2812 0.1484
2
0.3256 0.1116
2
0.3138 0.0531
2
0.2878 -0.4122
2
0.1984 -0.4619
2
0.1029 -0.4916
2
0.2037 0.2271
2
0.1601 0.2594
2
0.1581 0.2978
2
0.1025 0.3340
2
0.1129 0.3905
2
0.0854 0.4214
2
0.1000 0.4929
2
-0.0000 0.5000
2
0.2553 -0.3088
2
0.2418 -0.3467
2
0.2994 -0.1418
2
0.2763 -0.1990
2
0.2352 -0.2092
2
0.2144 -0.2568
2
0.2794 -0.1070
2
0.2943 -0.0607
2
0.2525 -0.0178
2
0.2704 0.0398
2
0.1804 0.1531
2
0.2231 0.1200
2
0.2219 0.0775
2
0.1767 -0.3631
2
0.1652 -0.3899
2
0.0877 -0.4062
2
0.0832 -0.4147
2
0.0057 -0.4300
2
0.0000 -0.5000
2
0.1459 0.1465
2
0.0988 0.2240
2
0.0980 0.1863
2
0.0567 0.2574
2
0.0610 0.3135
2
0.0134 0.3423
2
0.0134 0.4061
2
0.0025 0.4156
2
-0.0723 0.4110
2
-0.0892 0.4942
2
0.1433 -0.3066
2
0.1591 -0.2678
2
0.1266 -0.2229
2
0.1861 -0.1558
2
0.2040 -0.1147
2
0.1484 -0.1676
2
0.1788 -0.0636
2
0.1634 0.0388
2
0.1994 -0.0275
2
0.1395 0.0441
2
0.1175 0.0830
2
0.0648 -0.3359
2
0.0724 -0.3210
2
-0.0088 -0.3509
2
-0.0204 -0.4025
2
-0.0779 -0.4148
2
-0.0939 -0.4937
2
0.0407 0.1503
2
0.0540 0.0926
2
0.0038 0.1675
2
-0.0044 0.2316
2
-0.0363 0.3146
2
-0.0287 0.2466
2
-0.0747 0.3320
2
-0.0888 0.3910
2
-0.1496 0.3959
2
-0.1763 0.4703
2
0.0475 -0.2575
2
0.0639 -0.2283
2
0.0852 -0.1186
2
0.0420 -0.1778
2
0.1159 -0.0645
2
0.0842 -0.1114
2
0.0921 -0.0087
2
0.0430 0.0005
2
0.0224 0.0571
2
-0.0195 -0.2636
2
-0.0391 -0.3118
2
-0.0925 -0.3187
2
-0.1157 -0.3805
2
-0.1536 -0.3872
2
-0.1854 -0.4668
2
-0.0540 0.1324
2
-0.0254 0.0642
2
-0.0679 0.1363
2
-0.1006 0.2208
2
-0.1045 0.2113
2
-0.1328 0.2903
2
-0.1535 0.2963
2
-0.1810 0.3599
2
-0.2222 0.3635
2
-0.2604 0.4293
2
-0.0171 -0.1676
2
-0.0480 -0.2170
2
-0.0320 -0.1290
2
0.0075 -0.0743
2
0.0016 -0.0466
2
-0.0678 0.0216
2
-0.0577 -0.0211
2
-0.0956 -0.2169
2
-0.1309 -0.2752
2
-0.1641 -0.2766
2
-0.2043 -0.3451
2
-0.2197 -0.3469
2
-0.2679 -0.4246
2
-0.1234 0.0427
2
-0.1270 0.1005
2
-0.1695 0.1857
2
-0.1756 0.1278
2
-0.2149 0.2223
2
-0.2124 0.2564
2
-0.2728 0.3075
2
-0.3356 0.3732
2
-0.0948 -0.1126
2
-0.1324 -0.1640
2
-0.1077 -0.0709
2
-0.1569 -0.0503
2
-0.1594 0.0173
2
-0.1691 -0.1646
2
-0.2074 -0.2313
2
-0.2366 -0.2328
2
-0.2808 -0.3002
2
-0.3387 -0.3703
2
-0.2132 0.1086
2
-0.2214 0.0398
2
-0.2668 0.1918
2
-0.2708 0.1388
2
-0.3246 0.2301
2
-0.3248 0.2552
2
-0.3967 0.3078
2
-0.2003 -0.0744
2
-0.2082 -0.1225
2
-0.2537 -0.0370
2
-0.2436 0.0266
2
-0.2730 -0.1450
2
-0.2800 -0.1872
2
-0.3411 -0.2134
2
-0.3431 -0.2559
2
-0.4046 -0.2974
2
-0.3114 0.0531
2
-0.3053 0.1172
2
-0.3694 0.1461
2
-0.3694 0.1920
2
-0.4453 0.2321
2
-0.3088 -0.1081
2
-0.3025 -0.0580
2
-0.3354 0.0376
2
-0.3417 -0.0271
2
-0.3762 -0.1315
2
-0.3778 -0.1821
2
-0.4533 -0.2160
2
-0.4012 0.0599
2
-0.4007 0.1204
2
-0.4804 0.1467
2
-0.4015 -0.0462
2
-0.4036 -0.1065
2
-0.4237 -0.0282
2
-0.4228 0.0434
2
-0.4853 -0.1292
2
-0.4991 0.0576
2
-0.5001 -0.0409
16
0
189 182 178 179 181 188 
1.00
15
0
115 90 89 113 114 
1.00
16
0
76 75 50 49 77 79 
1.00
15
0
124 123 99 100 125 
1.00
15
0
17 15 4 19 18 
1.00
16
0
175 174 160 159 161 176 
1.00
17
0
38 37 29 16 15 17 39 
1.00
6
0
156 138 137 155 
1.00
15
0
48 23 21 24 47 
1.00
16
0
113 89 88 87 111 112 
1.00
15
0
171 155 154 169 170 
1.00
16
0
169 154 153 152 165 168 
1.00
17
0
103 79 77 78 80 105 106 
1.00
16
0
136 114 113 112 134 135 
1.00
16
0
110 101 102 104 126 127 
1.00
15
0
21 5 6 25 24 
1.00
16
0
93 91 66 65 67 94 
1.00
16
0
55 56 31 30 29 37 
1.00
15
0
172 171 170 183 184 
1.00
15
0
102 76 79 103 104 
1.00
15
0
193 191 185 186 187 
1.00
16
0
133 127 126 128 147 148 
1.00
16
0
88 62 61 60 85 87 
1.00
15
0
192 189 188 190 194 
1.00
15
0
92 84 64 66 91 
1.00
17
0
97 95 69 70 71 72 98 
1.00
17
0
118 116 93 94 96 119 120 
1.00
6
0
163 162 145 146 
1.00
16
0
185 180 173 174 175 186 
1.00
16
0
117 109 92 91 93 116 
1.00
16
0
139 131 117 116 118 140 
1.00
17
0
51 47 24 25 26 27 52 
1.00
16
0
108 107 83 84 92 109 
1.00
15
0
40 39 17 18 41 
1.00
16
0
53 52 27 28 33 54 
1.00
16
0
78 51 52 53 82 80 
1.00
16
0
66 64 55 37 38 65 
1.00
15
0
13 14 1 0 11 
1.00
16
0
122 121 97 98 99 123 
1.00
16
0
105 80 82 81 83 107 
1.00
15
0
82 53 54 57 81 
1.00
16
0
111 87 85 86 101 110 
1.00
16
0
31 32 13 11 10 30 
1.00
16
0
181 179 166 167 173 180 
1.00
15
0
184 183 182 189 192 
1.00
15
0
177 176 161 162 163 
1.00
6
0
63 36 61 62 
1.00
15
0
71 70 42 43 44 
1.00
16
0
150 149 132 131 139 151 
1.00
16
0
57 54 33 32 31 56 
1.00
17
0
84 83 81 57 56 55 64 
1.00
16
0
126 104 103 106 129 128 
1.00
16
0
158 151 139 140 142 157 
1.00
15
0
29 30 10 9 16 
1.00
15
0
90 63 62 88 89 
1.00
6
0
12 2 1 14 
1.00
16
0
190 188 181 180 185 191 
1.00
16
0
160 157 142 141 143 159 
1.00
15
0
46 34 20 22 45 
1.00
16
0
96 94 67 68 69 95 
1.00
16
0
129 106 105 107 108 130 
1.00
16
0
58 46 45 50 75 74 
1.00
6
0
72 71 44 73 
1.00
15
0
138 115 114 136 137 
1.00
16
0
86 74 75 76 102 101 
1.00
6
0
194 190 191 193 
1.00
16
0
166 164 150 151 158 167 
1.00
15
0
22 20 5 21 23 
1.00
15
0
35 34 46 58 59 
1.00
6
0
8 7 2 12 
1.00
15
0
16 9 3 4 15 
1.00
16
0
178 168 165 164 166 179 
1.00
15
0
25 6 7 8 26 
1.00
6
0
145 124 125 146 
1.00
16
0
67 65 38 39 40 68 
1.00
16
0
132 130 108 109 117 131 
1.00
16
0
147 128 129 130 132 149 
1.00
15
0
42 41 18 19 43 
1.00
6
0
156 155 171 172 
1.00
15
0
36 35 59 60 61 
1.00
17
0
165 152 148 147 149 150 164 
1.00
16
0
155 137 136 135 153 154 
1.00
16
0
60 59 58 74 86 85 
1.00
16
0
173 167 158 157 160 174 
1.00
16
0
77 49 48 47 51 78 
1.00
16
0
183 170 169 168 178 182 
1.00
17
0
143 141 120 119 121 122 144 
1.00
15
0
10 11 0 3 9 
1.00
16
0
33 28 12 14 13 32 
1.00
15
0
119 96 95 97 121 
1.00
16
0
161 159 143 144 145 162 
1.00
16
0
69 68 40 41 42 70 
1.00
15
0
99 98 72 73 100 
1.00
16
0
50 45 22 23 48 49 
1.00
16
0
134 112 111 110 127 133 
1.00
15
0
27 26 8 12 28 
1.00
16
0
153 135 134 133 148 152 
1.00
15
0
142 140 118 120 141 
1.00
15
0
145 144 122 123 124 
1.00
15
0
187 186 175 176 177 
1.00
2
44 1 -1.0000
2
63 1 1.0000
