0
43 8 1 7
1
200000.00 0.30
2
8.0000 -0.5000
2
8.0000 0.0000
2
8.0000 0.5000
2
7.5000 -0.5000
2
7.5000 0.5000
2
7.0000 -0.5000
2
7.0000 0.0000
2
7.0000 0.5000
2
6.5000 -0.5000
2
6.5000 0.5000
2
6.0000 -0.5000
2
6.0000 0.0000
2
6.0000 0.5000
2
5.5000 -0.5000
2
5.5000 0.5000
2
5.0000 -0.5000
2
5.0000 0.0000
2
5.0000 0.5000
2
4.5000 -0.5000
2
4.5000 0.5000
2
4.0000 -0.5000
2
4.0000 0.0000
2
4.0000 0.5000
2
3.5000 -0.5000
2
3.5000 0.5000
2
3.0000 -0.5000
2
3.0000 0.0000
2
3.0000 0.5000
2
2.5000 -0.5000
2
2.5000 0.5000
2
2.0000 -0.5000
2
2.0000 0.0000
2
2.0000 0.5000
2
1.5000 -0.5000
2
1.5000 0.5000
2
1.0000 -0.5000
2
1.0000 0.0000
2
1.0000 0.5000
2
0.5000 -0.5000
2
0.5000 0.5000
2
0.0000 -0.5000
2
0.0000 0.0000
2
0.0000 0.5000
8
0
0 1 2 4 7 6 5 3 
1.00
8
0
5 6 7 9 12 11 10 8 
1.00
8
0
10 11 12 14 17 16 15 13 
1.00
8
0
15 16 17 19 22 21 20 18 
1.00
8
0
20 21 22 24 27 26 25 23 
1.00
8
0
25 26 27 29 32 31 30 28 
1.00
8
0
30 31 32 34 37 36 35 33 
1.00
8
0
35 36 37 39 42 41 40 38 
1.00
0
40 0
0
41 0
0
42 0
0
40 1
0
41 1
0
42 1
2
1 1 -10.0
