0
 121  100  1  6 3
1
10.0 0.3
2
0. 0.
2
1. 0.
2
2. 0.
2
3. 0.
2
4. 0.
2
5. 0.
2
6. 0.
2
7. 0.
2
8. 0.
2
9. 0.
2
10. 0.
2
0. 1.
2
1. 1.
2
2. 1.
2
3. 1.
2
4. 1.
2
5. 1.
2
6. 1.
2
7. 1.
2
8. 1.
2
9. 1.
2
10. 1.
2
0. 2.
2
1. 2.
2
2. 2.
2
3. 2.
2
4. 2.
2
5. 2.
2
6. 2.
2
7. 2.
2
8. 2.
2
9. 2.
2
10. 2.
2
0. 3.
2
1. 3.
2
2. 3.
2
3. 3.
2
4. 3.
2
5. 3.
2
6. 3.
2
7. 3.
2
8. 3.
2
9. 3.
2
10. 3.
2
0. 4.
2
1. 4.
2
2. 4.
2
3. 4.
2
4. 4.
2
5. 4.
2
6. 4.
2
7. 4.
2
8. 4.
2
9. 4.
2
10. 4.
2
0. 5.
2
1. 5.
2
2. 5.
2
3. 5.
2
4. 5.
2
5. 5.
2
6. 5.
2
7. 5.
2
8. 5.
2
9. 5.
2
10. 5.
2
0. 6.
2
1. 6.
2
2. 6.
2
3. 6.
2
4. 6.
2
5. 6.
2
6. 6.
2
7. 6.
2
8. 6.
2
9. 6.
2
10. 6.
2
0. 7.
2
1. 7.
2
2. 7.
2
3. 7.
2
4. 7.
2
5. 7.
2
6. 7.
2
7. 7.
2
8. 7.
2
9. 7.
2
10. 7.
2
0. 8.
2
1. 8.
2
2. 8.
2
3. 8.
2
4. 8.
2
5. 8.
2
6. 8.
2
7. 8.
2
8. 8.
2
9. 8.
2
10. 8.
2
0. 9.
2
1. 9.
2
2. 9.
2
3. 9.
2
4. 9.
2
5. 9.
2
6. 9.
2
7. 9.
2
8. 9.
2
9. 9.
2
10. 9.
2
0. 10.
2
1. 10.
2
2. 10.
2
3. 10.
2
4. 10.
2
5. 10.
2
6. 10.
2
7. 10.
2
8. 10.
2
9. 10.
2
10. 10.
6
0
0 1 12 11
2.0
6
0
1 2 13 12
2.0
6
0
2 3 14 13
2.0
6
0
3 4 15 14
2.0
6
0
4 5 16 15
2.0
6
0
5 6 17 16
2.0
6
0
6 7 18 17
2.0
6
0
7 8 19 18
2.0
6
0
8 9 20 19
2.0
6
0
9 10 21 20
2.0
6
0
11 12 23 22
2.0
6
0
12 13 24 23
2.0
6
0
13 14 25 24
2.0
6
0
14 15 26 25
2.0
6
0
15 16 27 26
2.0
6
0
16 17 28 27
2.0
6
0
17 18 29 28
2.0
6
0
18 19 30 29
2.0
6
0
19 20 31 30
2.0
6
0
20 21 32 31
2.0
6
0
22 23 34 33
2.0
6
0
23 24 35 34
2.0
6
0
24 25 36 35
2.0
6
0
25 26 37 36
2.0
6
0
26 27 38 37
2.0
6
0
27 28 39 38
2.0
6
0
28 29 40 39
2.0
6
0
29 30 41 40
2.0
6
0
30 31 42 41
2.0
6
0
31 32 43 42
2.0
6
0
33 34 45 44
2.0
6
0
34 35 46 45
2.0
6
0
35 36 47 46
2.0
6
0
36 37 48 47
2.0
6
0
37 38 49 48
2.0
6
0
38 39 50 49
2.0
6
0
39 40 51 50
2.0
6
0
40 41 52 51
2.0
6
0
41 42 53 52
2.0
6
0
42 43 54 53
2.0
6
0
44 45 56 55
2.0
6
0
45 46 57 56
2.0
6
0
46 47 58 57
2.0
6
0
47 48 59 58
2.0
6
0
48 49 60 59
2.0
6
0
49 50 61 60
2.0
6
0
50 51 62 61
2.0
6
0
51 52 63 62
2.0
6
0
52 53 64 63
2.0
6
0
53 54 65 64
2.0
6
0
55 56 67 66
2.0
6
0
56 57 68 67
2.0
6
0
57 58 69 68
2.0
6
0
58 59 70 69
2.0
6
0
59 60 71 70
2.0
6
0
60 61 72 71
2.0
6
0
61 62 73 72
2.0
6
0
62 63 74 73
2.0
6
0
63 64 75 74
2.0
6
0
64 65 76 75
2.0
6
0
66 67 78 77
2.0
6
0
67 68 79 78
2.0
6
0
68 69 80 79
2.0
6
0
69 70 81 80
2.0
6
0
70 71 82 81
2.0
6
0
71 72 83 82
2.0
6
0
72 73 84 83
2.0
6
0
73 74 85 84
2.0
6
0
74 75 86 85
2.0
6
0
75 76 87 86
2.0
6
0
77 78 89 88
2.0
6
0
78 79 90 89
2.0
6
0
79 80 91 90
2.0
6
0
80 81 92 91
2.0
6
0
81 82 93 92
2.0
6
0
82 83 94 93
2.0
6
0
83 84 95 94
2.0
6
0
84 85 96 95
2.0
6
0
85 86 97 96
2.0
6
0
86 87 98 97
2.0
6
0
88 89 100 99
2.0
6
0
89 90 101 100
2.0
6
0
90 91 102 101
2.0
6
0
91 92 103 102
2.0
6
0
92 93 104 103
2.0
6
0
93 94 105 104
2.0
6
0
94 95 106 105
2.0
6
0
95 96 107 106
2.0
6
0
96 97 108 107
2.0
6
0
97 98 109 108
2.0
6
0
99 100 111 110
2.0
6
0
100 101 112 111
2.0
6
0
101 102 113 112
2.0
6
0
102 103 114 113
2.0
6
0
103 104 115 114
2.0
6
0
104 105 116 115
2.0
6
0
105 106 117 116
2.0
6
0
106 107 118 117
2.0
6
0
107 108 119 118
2.0
6
0
108 109 120 119
2.0
0
0 0
0
0 1
0
110 0
2
54 1 6.0
2
54 0 0.0
2
118 1 -3.0
3 4 5


